0 0 inf
0 0 inf
0 0 inf
0 0 0.781995
0 0 0.700263
0 0 0.601815
0 0 0.589592
0 0 0.540973
0 0 0.532334
0 0 0.513291
0 0 0.511793
0 0 0.496676
0 0 0.493455
0 0 0.485652
0 0 0.479472
0 0 0.477833
0 0 0.46616
0 0 0.455228
0 0 0.447177
0 0 0.437894
0 0 0.435571
0 0 0.431182
0 0 0.426176
0 0 0.421343
0 0 0.407821
0 0 0.403549
0 0 0.40328
0 0 0.398137
0 0 0.397588
0 0 0.390306
0 0 0.383102
0 0 0.381323
0 0 0.372633
0 0 0.366805
0 0 0.357189
0 0 0.348733
0 0 0.345243
0 0 0.333531
0 0 0.331089
0 0 0.331049
0 0 0.328944
0 0 0.326415
0 0 0.319239
0 0 0.31753
0 0 0.314898
0 0 0.29637
0 0 0.296342
0 0 0.290886
0 0 0.287495
0 0 0.283609
0 0 0.276136
0 0 0.274596
0 0 0.274187
0 0 0.271657
0 0 0.269719
0 0 0.267568
0 0 0.266178
0 0 0.265915
0 0 0.26539
0 0 0.257739
0 0 0.257737
0 0 0.256407
0 0 0.256385
0 0 0.256337
0 0 0.255718
0 0 0.255126
0 0 0.254607
0 0 0.254138
0 0 0.254055
0 0 0.25257
0 0 0.251224
0 0 0.250405
0 0 0.249652
0 0 0.249477
0 0 0.249075
0 0 0.24888
0 0 0.246706
0 0 0.246682
0 0 0.246622
0 0 0.241283
0 0 0.241188
0 0 0.241076
0 0 0.240897
0 0 0.23987
0 0 0.239777
0 0 0.238621
0 0 0.23778
0 0 0.236058
0 0 0.234989
0 0 0.233803
0 0 0.232851
0 0 0.229917
0 0 0.228001
0 0 0.226779
0 0 0.226605
0 0 0.224084
0 0 0.223879
0 0 0.222931
0 0 0.221366
0 0 0.219672
0 0 0.217576
0 0 0.216476
0 0 0.215308
0 0 0.214646
0 0 0.210364
0 0 0.208796
0 0 0.207672
0 0 0.207444
0 0 0.20668
0 0 0.206662
0 0 0.205834
0 0 0.204071
0 0 0.204036
0 0 0.203586
0 0 0.201992
0 0 0.201163
0 0 0.200657
0 0 0.19731
0 0 0.195874
0 0 0.195396
0 0 0.195222
0 0 0.195096
0 0 0.19478
0 0 0.194509
0 0 0.193533
0 0 0.192502
0 0 0.191351
0 0 0.19119
0 0 0.190113
0 0 0.188541
0 0 0.188126
0 0 0.188039
0 0 0.186337
0 0 0.185996
0 0 0.185863
0 0 0.184982
0 0 0.18458
0 0 0.18074
0 0 0.179648
0 0 0.178901
0 0 0.178375
0 0 0.177511
0 0 0.176266
0 0 0.176092
0 0 0.175713
0 0 0.175122
0 0 0.174247
0 0 0.173276
0 0 0.172264
0 0 0.171827
0 0 0.171773
0 0 0.171545
0 0 0.171438
0 0 0.170958
0 0 0.170809
0 0 0.17053
0 0 0.170206
0 0 0.169903
0 0 0.16976
0 0 0.167423
0 0 0.166325
0 0 0.165708
0 0 0.16494
0 0 0.16468
0 0 0.163622
0 0 0.163498
0 0 0.16245
0 0 0.162386
0 0 0.160911
0 0 0.160151
0 0 0.159889
0 0 0.159368
0 0 0.159121
0 0 0.158833
0 0 0.158363
0 0 0.156969
0 0 0.156857
0 0 0.156453
0 0 0.156282
0 0 0.156203
0 0 0.155766
0 0 0.155383
0 0 0.154396
0 0 0.154198
0 0 0.152551
0 0 0.152058
0 0 0.151639
0 0 0.151439
0 0 0.150329
0 0 0.149066
0 0 0.148392
0 0 0.148229
0 0 0.147874
0 0 0.147697
0 0 0.147127
0 0 0.1462
0 0 0.1455
0 0 0.145188
0 0 0.145084
0 0 0.144278
0 0 0.144147
0 0 0.143514
0 0 0.142875
0 0 0.141926
0 0 0.141539
0 0 0.141104
0 0 0.140962
0 0 0.14003
0 0 0.139859
0 0 0.13857
0 0 0.138287
0 0 0.137694
0 0 0.136841
0 0 0.136579
0 0 0.136454
0 0 0.136438
0 0 0.136336
0 0 0.136286
0 0 0.136159
0 0 0.13613
0 0 0.135869
0 0 0.135786
0 0 0.134903
0 0 0.134708
0 0 0.134667
0 0 0.134245
0 0 0.133759
0 0 0.133106
0 0 0.133035
0 0 0.132915
0 0 0.132864
0 0 0.132489
0 0 0.132246
0 0 0.13152
0 0 0.131252
0 0 0.129575
0 0 0.129209
0 0 0.129044
0 0 0.128919
0 0 0.127904
0 0 0.127147
0 0 0.127055
0 0 0.126807
0 0 0.126202
0 0 0.123303
0 0 0.12315
0 0 0.12304
0 0 0.12284
0 0 0.122592
0 0 0.122561
0 0 0.122333
0 0 0.122323
0 0 0.122149
0 0 0.122057
0 0 0.121753
0 0 0.12172
0 0 0.121565
0 0 0.12125
0 0 0.121227
0 0 0.120226
0 0 0.12018
0 0 0.119416
0 0 0.117961
0 0 0.117808
0 0 0.11772
0 0 0.117391
0 0 0.115903
1 0.294342 0.409535
0 0 0.115107
0 0 0.115057
0 0 0.114192
0 0 0.11408
0 0 0.114018
0 0 0.113928
0 0 0.113769
0 0 0.113031
0 0 0.112976
0 0 0.112899
0 0 0.112879
0 0 0.112449
0 0 0.112358
0 0 0.112058
0 0 0.111953
0 0 0.111924
0 0 0.111424
0 0 0.110738
0 0 0.110611
0 0 0.110382
0 0 0.110076
0 0 0.108979
0 0 0.108904
0 0 0.108772
0 0 0.108546
0 0 0.108535
0 0 0.108319
0 0 0.108019
0 0 0.107635
0 0 0.107175
0 0 0.107162
0 0 0.106466
0 0 0.106407
0 0 0.106204
0 0 0.105609
0 0 0.105356
0 0 0.105273
0 0 0.104952
0 0 0.104701
0 0 0.104633
0 0 0.104606
0 0 0.104245
0 0 0.104059
0 0 0.103033
0 0 0.102677
0 0 0.102248
0 0 0.102058
0 0 0.102051
0 0 0.101938
0 0 0.101623
0 0 0.101527
0 0 0.101471
0 0 0.101408
0 0 0.10113
0 0 0.101038
0 0 0.100939
0 0 0.100864
0 0 0.0995862
0 0 0.0995005
0 0 0.0993648
0 0 0.0993368
0 0 0.0991741
0 0 0.0991649
0 0 0.0987302
0 0 0.0986521
0 0 0.0985987
0 0 0.0983281
0 0 0.0979339
0 0 0.0978813
0 0 0.0975425
0 0 0.0975074
0 0 0.0971324
0 0 0.0970832
0 0 0.0969693
0 0 0.0965043
0 0 0.0964968
0 0 0.096418
0 0 0.0964055
0 0 0.0961919
0 0 0.0952916
0 0 0.0952536
0 0 0.0948426
0 0 0.0943539
0 0 0.0941718
0 0 0.0941395
0 0 0.0940694
0 0 0.0938554
0 0 0.0938316
0 0 0.0935898
0 0 0.093372
0 0 0.0928728
0 0 0.0928441
0 0 0.092799
0 0 0.0926585
0 0 0.091893
0 0 0.0918854
0 0 0.091629
0 0 0.090997
0 0 0.0909783
0 0 0.0905515
0 0 0.0905281
0 0 0.0895571
0 0 0.0894752
0 0 0.0894157
0 0 0.0890265
0 0 0.0889711
0 0 0.0881603
0 0 0.0879697
0 0 0.0871928
0 0 0.0870182
0 0 0.0868386
0 0 0.086796
0 0 0.0851503
0 0 0.0850446
0 0 0.0823875
0 0 0.0818655
0 0 0.0813672
0 0 0.0805379
0 0 0.0797284
0 0 0.0790552
0 0 0.078954
0 0 0.0789425
0 0 0.0782189
0 0 0.0776916
0 0 0.0769257
0 0 0.0761133
1 0.497706 0.573633
0 0 0.0749069
0 0 0.0738339
1 0.295129 0.368899
0 0 0.0730872
0 0 0.0704456
0 0 0.0698601
0 0 0.0648404
1 0.383958 0.448422
0 0 0.0620352
1 0.274711 0.321366
1 0.327399 0.373315
1 0.197586 0.243145
1 0.162627 0.200528
1 0.372998 0.406389
1 0.0991566 0.13011
1 0.345788 0.375471
1 0.577684 0.606543
1 0.41172 0.439239
1 0.167959 0.194757
1 0.379777 0.405757
1 0.351862 0.377793
1 0.172956 0.197991
1 0.167587 0.192584
1 0.180368 0.205327
1 0.148243 0.17293
1 0.158078 0.181475
1 0.162297 0.185515
1 0.108983 0.131692
1 0.658013 0.680188
1 0.541385 0.563351
1 0.133248 0.154429
1 0.291805 0.312753
1 0.147429 0.168212
1 0.250763 0.270661
1 0.306432 0.32615
1 0.422541 0.442179
1 0.0977372 0.116835
1 0.109057 0.128144
1 0.270127 0.289063
1 0.176746 0.195296
1 0.166793 0.184986
1 0.107252 0.125409
1 0.144692 0.162691
1 0.153535 0.171477
1 0.106793 0.124673
1 0.110366 0.128026
1 0.109251 0.126908
1 0.113205 0.130696
1 0.311958 0.329185
1 0.240755 0.257816
1 0.153519 0.170513
1 0.196238 0.213131
1 0.0998744 0.116761
1 0.103158 0.119731
2 0.216866 0.232419
1 0.227286 0.242671
1 0.182942 0.198059
1 0.104075 0.119188
1 0.281627 0.296456
1 0.110272 0.124684
1 0.105584 0.11966
1 0.193788 0.207542
1 0.132364 0.146089
1 0.201708 0.21519
1 0.187894 0.201355
1 0.104083 0.117456
1 0.111693 0.124917
1 0.126418 0.139489
1 0.172274 0.185275
1 0.202007 0.214887
2 0.204749 0.21742
1 0.526395 0.538976
1 0.114682 0.127048
1 0.107172 0.119491
2 0.213442 0.225665
1 0.09655 0.108753
1 0.102854 0.114961
1 0.301845 0.313928
1 0.125612 0.137513
1 0.105778 0.117456
1 0.103127 0.114612
1 0.11206 0.123536
1 0.100947 0.112401
2 0.140612 0.151587
1 0.190576 0.201355
1 0.132589 0.142892
1 0.219921 0.230215
2 0.204294 0.214583
1 0.116173 0.125572
1 0.110454 0.119826
1 0.157574 0.166821
2 0.102871 0.112105
1 0.169323 0.1784
1 0.186543 0.195337
2 0.195349 0.204135
1 0.397696 0.406395
2 0.395234 0.403897
2 0.203084 0.211729
1 0.117853 0.12634
1 0.0984306 0.106871
1 0.150148 0.158451
1 0.151969 0.160229
1 0.114478 0.122721
1 0.1571 0.165311
1 0.122704 0.130901
1 0.17111 0.1792
1 0.204479 0.212488
1 0.167375 0.175238
1 0.112229 0.119916
1 0.119368 0.127048
1 0.123707 0.131354
1 0.130799 0.138348
1 0.434791 0.442221
1 0.107228 0.11445
1 0.114154 0.121347
1 0.10777 0.114719
1 0.0938406 0.100773
1 0.188955 0.195792
1 0.116903 0.123697
1 0.117516 0.124287
1 0.208089 0.214771
1 0.131311 0.137918
1 0.110142 0.116689
2 0.153774 0.16026
1 0.140848 0.147294
1 0.130655 0.137074
1 0.109317 0.115729
1 0.115801 0.122153
1 0.0960648 0.102412
1 0.106425 0.112702
2 0.189741 0.195963
2 0.119731 0.125939
1 0.199247 0.205379
1 0.123807 0.129935
1 0.290241 0.296351
1 0.14145 0.147521
1 0.12465 0.130715
1 0.10747 0.113508
1 0.196483 0.202515
1 0.207188 0.21319
1 0.257987 0.263865
1 0.18509 0.190935
1 0.126098 0.131882
1 0.107949 0.113545
1 0.144856 0.150301
2 0.134328 0.139769
2 0.293187 0.298464
1 0.116805 0.122022
2 0.132863 0.137923
1 0.139365 0.144298
2 0.139801 0.144731
1 0.13395 0.138824
1 0.110921 0.115601
1 0.14619 0.150809
1 0.154489 0.159089
1 0.107226 0.111808
2 0.124567 0.129128
2 0.128216 0.13269
1 0.117903 0.122149
1 0.150593 0.154712
1 0.112041 0.116155
2 0.124386 0.12832
1 0.121201 0.125128
1 0.105582 0.109453
1 0.151852 0.155713
1 0.244133 0.247982
1 0.194052 0.197862
2 0.153891 0.157654
1 0.18096 0.184668
1 0.115979 0.11966
1 0.236427 0.240077
1 0.249096 0.252743
1 0.287902 0.291533
1 0.517144 0.520704
1 0.248629 0.252175
1 0.126619 0.13011
1 0.264353 0.267825
1 0.164245 0.167669
1 0.132814 0.136183
2 0.195349 0.198695
1 0.292033 0.295374
1 0.307605 0.310931
1 0.109428 0.112702
2 0.178556 0.181803
2 0.174093 0.177286
1 0.123136 0.126247
1 0.134405 0.137513
1 0.18789 0.190979
1 0.110285 0.113328
1 0.216641 0.21962
1 0.14155 0.14452
2 0.237023 0.239991
2 0.125066 0.128013
2 0.128144 0.131051
1 0.388454 0.3913
1 0.270525 0.273365
1 0.186224 0.189045
1 0.207194 0.209994
1 0.233144 0.235909
1 0.210388 0.213129
2 0.138877 0.141571
2 0.134376 0.13704
2 0.134328 0.13694
1 0.116223 0.118829
1 0.302501 0.305068
1 0.228413 0.230963
1 0.133887 0.136426
1 0.160892 0.163408
1 0.0957499 0.0982507
2 0.142126 0.144621
1 0.161147 0.163619
1 0.110907 0.113351
1 0.123845 0.126261
1 0.205496 0.207885
1 0.15573 0.158075
1 0.13571 0.13788
1 0.322199 0.324363
1 0.132823 0.134928
1 0.236694 0.238757
1 0.11943 0.12147
1 0.171151 0.173141
2 0.346869 0.348813
1 0.114165 0.116107
2 0.157643 0.159581
2 0.167764 0.169691
1 0.120263 0.122149
1 0.160904 0.162766
1 0.194291 0.196147
1 0.135276 0.137084
2 0.121402 0.123197
1 0.124952 0.126743
1 0.137098 0.138877
2 0.129869 0.131572
1 0.122805 0.124386
1 0.137926 0.139472
1 0.138521 0.139761
1 0.249786 0.251011
1 0.371536 0.37275
1 0.124471 0.12564
1 0.205044 0.20617
1 0.17462 0.175741
1 0.325573 0.326645
2 0.134568 0.135576
1 0.132252 0.133176
2 0.120546 0.121372
2 0.181931 0.182755
1 0.132458 0.133233
1 0.552358 0.553101
2 0.182027 0.182755
1 0.236714 0.237376
1 0.147953 0.14861
1 0.132356 0.133011
1 0.101299 0.101945
2 0.205616 0.206252
2 0.213971 0.214583
1 0.146046 0.14662
2 0.224483 0.225024
2 0.15487 0.155362
1 0.18332 0.18381
1 0.219458 0.219894
2 0.140185 0.140608
1 0.173256 0.17366
1 0.101549 0.101945
1 0.12956 0.129894
1 0.104709 0.105019
1 0.126623 0.126743
