0 0 inf
0 0 inf
0 0 inf
0 0 0.794816
0 0 0.778326
0 0 0.682745
0 0 0.644256
0 0 0.628757
0 0 0.619347
0 0 0.611325
0 0 0.607388
0 0 0.59945
0 0 0.589805
0 0 0.567453
0 0 0.543103
0 0 0.519305
0 0 0.49277
0 0 0.467446
0 0 0.46293
0 0 0.45956
0 0 0.457113
0 0 0.453688
0 0 0.445523
0 0 0.442673
0 0 0.435702
0 0 0.4264
0 0 0.40851
0 0 0.396392
0 0 0.391207
0 0 0.388914
0 0 0.382113
0 0 0.381762
0 0 0.376741
0 0 0.369717
0 0 0.369093
0 0 0.367119
0 0 0.353508
0 0 0.352576
0 0 0.348088
0 0 0.338965
0 0 0.338385
0 0 0.338111
0 0 0.337775
0 0 0.337326
0 0 0.3368
0 0 0.330586
0 0 0.330321
0 0 0.327856
0 0 0.32518
0 0 0.323577
0 0 0.320989
0 0 0.320111
0 0 0.317539
0 0 0.312846
0 0 0.312031
0 0 0.310781
0 0 0.306338
0 0 0.305277
0 0 0.303868
0 0 0.303166
0 0 0.297389
0 0 0.295916
0 0 0.295256
0 0 0.293165
0 0 0.292929
0 0 0.289401
0 0 0.287448
0 0 0.287215
0 0 0.282859
0 0 0.282089
0 0 0.281022
0 0 0.28093
0 0 0.2804
0 0 0.278587
0 0 0.277716
0 0 0.276692
0 0 0.271878
0 0 0.270675
0 0 0.266854
0 0 0.266518
0 0 0.266084
0 0 0.264982
0 0 0.263481
0 0 0.263118
0 0 0.260433
0 0 0.260029
0 0 0.255879
0 0 0.255677
0 0 0.255129
0 0 0.252095
0 0 0.250152
0 0 0.247807
0 0 0.245937
0 0 0.243071
0 0 0.239017
0 0 0.238473
0 0 0.237698
0 0 0.235635
0 0 0.235474
0 0 0.230796
0 0 0.227758
0 0 0.227726
0 0 0.225217
0 0 0.224224
0 0 0.222555
0 0 0.219908
0 0 0.219559
0 0 0.218584
0 0 0.218255
0 0 0.218127
0 0 0.217514
0 0 0.214195
0 0 0.212308
0 0 0.211166
0 0 0.210253
0 0 0.207198
0 0 0.206956
0 0 0.205131
0 0 0.204799
0 0 0.20381
0 0 0.203576
0 0 0.202735
0 0 0.201562
0 0 0.200444
0 0 0.200244
0 0 0.200182
0 0 0.199213
0 0 0.198363
0 0 0.197871
0 0 0.197854
0 0 0.196475
0 0 0.195938
0 0 0.190172
0 0 0.188632
0 0 0.186462
0 0 0.185103
0 0 0.185065
0 0 0.184681
0 0 0.184097
0 0 0.181979
0 0 0.181259
0 0 0.180622
0 0 0.179417
0 0 0.179367
0 0 0.179114
0 0 0.179046
0 0 0.178191
0 0 0.17685
0 0 0.176588
0 0 0.172258
0 0 0.171594
0 0 0.170974
0 0 0.170523
0 0 0.16868
0 0 0.167576
0 0 0.166516
0 0 0.166487
0 0 0.16597
0 0 0.165877
0 0 0.165632
0 0 0.164433
0 0 0.16323
0 0 0.163151
0 0 0.16198
0 0 0.161673
0 0 0.161424
0 0 0.161255
0 0 0.160835
0 0 0.160089
0 0 0.160058
0 0 0.159878
0 0 0.159374
0 0 0.158707
0 0 0.158078
0 0 0.157911
0 0 0.157831
0 0 0.157561
0 0 0.157035
0 0 0.156486
0 0 0.156212
0 0 0.155814
0 0 0.155771
0 0 0.155695
0 0 0.155546
0 0 0.155434
0 0 0.154893
0 0 0.154822
0 0 0.154279
0 0 0.153958
0 0 0.153958
0 0 0.151684
0 0 0.151436
0 0 0.150986
0 0 0.149764
0 0 0.149438
0 0 0.149391
0 0 0.148749
0 0 0.146463
0 0 0.146221
0 0 0.145447
0 0 0.145442
0 0 0.145177
0 0 0.144901
0 0 0.144417
0 0 0.144124
0 0 0.143957
0 0 0.143886
0 0 0.141631
0 0 0.141429
0 0 0.14111
0 0 0.140268
1 0.613283 0.753333
0 0 0.140009
0 0 0.139026
0 0 0.136732
0 0 0.136636
0 0 0.136567
0 0 0.135777
0 0 0.135736
0 0 0.134722
0 0 0.134227
0 0 0.133948
0 0 0.133764
0 0 0.133603
0 0 0.133255
0 0 0.13295
0 0 0.132648
0 0 0.132258
0 0 0.131643
0 0 0.131379
0 0 0.131251
0 0 0.130953
0 0 0.130422
0 0 0.130163
0 0 0.129921
0 0 0.129512
0 0 0.129457
0 0 0.128919
0 0 0.128646
0 0 0.128564
0 0 0.12843
0 0 0.128191
0 0 0.127841
0 0 0.127699
0 0 0.12766
0 0 0.127096
0 0 0.127066
0 0 0.127033
0 0 0.126881
0 0 0.126306
0 0 0.12618
0 0 0.126081
0 0 0.125467
0 0 0.125466
0 0 0.12532
0 0 0.124608
0 0 0.124083
0 0 0.123981
0 0 0.123907
0 0 0.123598
0 0 0.123402
0 0 0.123303
0 0 0.123015
0 0 0.122907
0 0 0.122751
0 0 0.122543
0 0 0.122471
0 0 0.122386
0 0 0.122326
0 0 0.122275
0 0 0.121986
0 0 0.121287
0 0 0.121244
0 0 0.121091
0 0 0.120667
0 0 0.120341
0 0 0.120193
0 0 0.119947
0 0 0.119251
0 0 0.119165
0 0 0.119098
0 0 0.119079
0 0 0.119028
0 0 0.119006
0 0 0.118724
0 0 0.118127
0 0 0.118078
0 0 0.117777
0 0 0.117638
0 0 0.117547
0 0 0.117083
0 0 0.116625
0 0 0.116601
0 0 0.115623
0 0 0.115416
0 0 0.115302
0 0 0.115285
0 0 0.114894
0 0 0.11466
0 0 0.114651
0 0 0.113894
0 0 0.113198
0 0 0.112756
0 0 0.112738
0 0 0.112132
0 0 0.111834
0 0 0.111741
0 0 0.111608
0 0 0.111248
0 0 0.111112
0 0 0.110933
0 0 0.110852
0 0 0.110624
0 0 0.110475
0 0 0.109896
0 0 0.109784
0 0 0.109527
0 0 0.108429
0 0 0.108245
0 0 0.108097
0 0 0.108041
0 0 0.107553
0 0 0.107369
0 0 0.107295
0 0 0.107021
0 0 0.106057
0 0 0.105744
0 0 0.105693
0 0 0.105672
0 0 0.105443
0 0 0.105439
0 0 0.105125
0 0 0.104736
0 0 0.104484
0 0 0.104146
0 0 0.103809
0 0 0.103648
0 0 0.103122
0 0 0.103008
0 0 0.10279
0 0 0.102768
0 0 0.102348
0 0 0.10223
0 0 0.101849
0 0 0.101511
0 0 0.101509
0 0 0.101445
0 0 0.101405
0 0 0.100828
0 0 0.100718
0 0 0.100088
0 0 0.0997422
0 0 0.0995208
0 0 0.0990161
1 0.382826 0.481727
0 0 0.0988846
0 0 0.0987263
0 0 0.0986652
0 0 0.0986595
0 0 0.0986421
0 0 0.0981818
0 0 0.0973032
0 0 0.0972641
0 0 0.0971015
0 0 0.0969827
0 0 0.096132
0 0 0.0959439
0 0 0.0959153
0 0 0.0953072
0 0 0.0944019
1 0.375591 0.469052
0 0 0.0928041
0 0 0.0925346
0 0 0.0923842
0 0 0.092194
0 0 0.0921761
0 0 0.0921736
0 0 0.0916427
0 0 0.0909651
0 0 0.0905189
0 0 0.0901248
0 0 0.0887148
0 0 0.088173
0 0 0.0876457
0 0 0.0867499
0 0 0.0863152
0 0 0.0851536
0 0 0.0843857
0 0 0.0822403
0 0 0.0820134
0 0 0.081979
0 0 0.0808745
0 0 0.0800026
0 0 0.079014
0 0 0.0769602
0 0 0.0766776
0 0 0.0760618
0 0 0.0758736
0 0 0.0744123
0 0 0.0726721
0 0 0.072214
0 0 0.0713976
1 0.344027 0.414298
1 0.701117 0.76744
1 0.491806 0.555497
1 0.416968 0.479484
0 0 0.0590147
1 0.49515 0.540964
1 0.378683 0.422524
1 0.627238 0.670868
1 0.301767 0.340424
1 0.454056 0.491549
1 0.222097 0.254601
1 0.386416 0.417115
1 0.275438 0.306111
1 0.133066 0.163178
2 0.460576 0.490152
1 0.608715 0.637507
1 0.129449 0.157221
1 0.189132 0.21448
1 0.629547 0.654604
1 0.163116 0.186338
1 0.188893 0.211976
1 0.141576 0.164496
1 0.368153 0.390755
1 0.12573 0.147632
1 0.124882 0.14596
1 0.12133 0.140816
1 0.14966 0.168354
1 0.131646 0.150155
1 0.170562 0.188728
1 0.0863138 0.104438
1 0.612398 0.630455
1 0.22637 0.244176
1 0.135459 0.153217
2 0.597721 0.615466
1 0.132716 0.150446
1 0.387216 0.403934
1 0.137232 0.153523
1 0.266936 0.282675
1 0.153367 0.168986
1 0.0997755 0.114994
1 0.132272 0.147413
1 0.143731 0.158229
2 0.348055 0.362344
1 0.131112 0.145132
1 0.131432 0.145288
1 0.335329 0.348875
1 0.332656 0.34604
1 0.139332 0.152474
2 0.152731 0.165266
1 0.127887 0.140185
2 0.217819 0.229986
1 0.180298 0.192379
1 0.187156 0.199234
1 0.156261 0.1683
1 0.126215 0.137979
1 0.147845 0.159502
1 0.131877 0.143385
1 0.139549 0.150777
1 0.126023 0.136994
1 0.196132 0.2071
1 0.205016 0.215673
1 0.145259 0.15589
1 0.150846 0.161462
1 0.126433 0.136845
2 0.628636 0.639026
2 0.199278 0.209531
1 0.147172 0.1573
1 0.140353 0.150284
1 0.322117 0.33188
1 0.1291 0.138789
1 0.110998 0.12067
1 0.13991 0.149439
1 0.132102 0.141537
1 0.156301 0.165675
1 0.118388 0.12775
1 0.131437 0.140785
1 0.094218 0.103261
1 0.189318 0.1983
1 0.138921 0.147787
1 0.184491 0.193351
1 0.119479 0.128333
1 0.156687 0.165467
1 0.155872 0.164502
1 0.136117 0.144691
1 0.162837 0.171306
1 0.165553 0.173965
1 0.170492 0.178744
1 0.203771 0.212021
1 0.147409 0.155656
1 0.165453 0.173687
1 0.120919 0.128928
1 0.140726 0.148709
1 0.188393 0.196186
1 0.145805 0.153523
1 0.159053 0.166677
1 0.185029 0.192647
1 0.141428 0.148893
1 0.121181 0.128451
1 0.109695 0.116935
1 0.50614 0.513334
1 0.143018 0.150072
1 0.142285 0.149327
2 0.15245 0.159367
1 0.122945 0.129704
1 0.315743 0.322445
1 0.350337 0.357016
1 0.141078 0.147559
1 0.125097 0.131213
1 0.139647 0.145759
1 0.280975 0.286987
1 0.166957 0.172851
1 0.144106 0.149966
1 0.212364 0.218049
2 0.165467 0.171029
1 0.14173 0.147251
2 0.19649 0.201992
1 0.16064 0.166105
2 0.17445 0.179882
1 0.144254 0.149539
2 0.147856 0.15314
1 0.190944 0.196186
1 0.228633 0.233644
1 0.144233 0.149211
1 0.0962242 0.101187
1 0.486943 0.491872
1 0.379484 0.384412
1 0.118666 0.123538
1 0.190855 0.195726
1 0.125819 0.130639
2 0.213432 0.218147
1 0.127058 0.13156
1 0.112999 0.117444
2 0.14925 0.153692
1 0.164243 0.168618
2 0.167183 0.171557
1 0.131084 0.135388
2 0.162607 0.166844
1 0.292521 0.296725
1 0.145565 0.149763
1 0.135633 0.139807
1 0.11717 0.121223
1 0.149774 0.153718
1 0.155834 0.159644
1 0.135566 0.139374
1 0.192925 0.196687
1 0.0988219 0.102564
1 0.139198 0.142848
1 0.119488 0.123076
1 0.125631 0.129198
1 0.155146 0.158678
1 0.101835 0.10528
1 0.106212 0.109629
1 0.11039 0.113794
1 0.19358 0.196906
1 0.146901 0.150196
1 0.171944 0.175216
2 0.174196 0.177435
1 0.146371 0.149439
1 0.230892 0.233932
1 0.172326 0.175257
2 0.171134 0.174053
1 0.18904 0.191911
2 0.131709 0.134533
2 0.152375 0.155161
1 0.151574 0.154347
2 0.158733 0.161418
1 0.122039 0.124586
2 0.156377 0.15888
2 0.262611 0.265047
1 0.127228 0.129646
1 0.1429 0.145315
2 0.157803 0.160134
1 0.188128 0.190367
1 0.145707 0.147942
1 0.141825 0.144047
2 0.155083 0.1573
2 0.346019 0.348135
1 0.151231 0.153287
1 0.203615 0.205641
2 0.146567 0.14859
1 0.135453 0.137475
1 0.167272 0.16926
1 0.162609 0.164496
1 0.148137 0.14999
1 0.109307 0.111078
1 0.133494 0.135174
1 0.166811 0.168456
1 0.172122 0.173728
2 0.173067 0.17467
1 0.184285 0.185772
1 0.147385 0.148814
2 0.150023 0.15142
1 0.115489 0.116864
1 0.120511 0.121822
2 0.222117 0.223417
2 0.118464 0.119718
1 0.193422 0.194664
1 0.0932928 0.0945136
2 0.158076 0.159281
1 0.0916938 0.0928692
1 0.111657 0.112748
1 0.11849 0.119561
1 0.177694 0.178744
1 0.127176 0.128221
1 0.204782 0.205782
1 0.351984 0.352951
1 0.458596 0.45948
2 0.182974 0.183821
1 0.287108 0.287916
2 0.158076 0.15888
1 0.177789 0.178591
1 0.145389 0.146177
1 0.131166 0.131923
1 0.117001 0.117746
1 0.211235 0.2119
1 0.154659 0.155305
1 0.102621 0.103261
2 0.170072 0.170656
1 0.194319 0.194878
2 0.186003 0.186521
2 0.16858 0.16906
1 0.130415 0.130882
1 0.143997 0.144462
2 0.118642 0.119077
2 0.168959 0.16935
1 0.131819 0.132179
2 0.130068 0.130403
1 0.295359 0.295683
2 0.177079 0.177336
1 0.130234 0.130483
1 0.11906 0.119257
2 0.168178 0.168348
2 0.177947 0.177991
2 0.117164 0.117191
1 0.105262 0.10528
