0 0 inf
0 0 inf
0 0 inf
0 0 inf
0 0 0.773016
0 0 0.737211
0 0 0.633279
0 0 0.623042
0 0 0.595379
0 0 0.586045
0 0 0.516378
0 0 0.497178
0 0 0.474509
0 0 0.42078
0 0 0.412604
0 0 0.407344
0 0 0.400425
0 0 0.376888
0 0 0.37484
0 0 0.368909
0 0 0.367272
0 0 0.357379
0 0 0.348001
0 0 0.343993
0 0 0.341094
0 0 0.339476
0 0 0.336537
0 0 0.334324
0 0 0.333846
0 0 0.330786
0 0 0.328806
0 0 0.327774
0 0 0.324256
0 0 0.32213
0 0 0.320953
0 0 0.320916
0 0 0.311686
0 0 0.305038
0 0 0.303811
0 0 0.303559
0 0 0.30267
0 0 0.300252
0 0 0.296894
0 0 0.295675
0 0 0.291351
0 0 0.285716
0 0 0.282595
0 0 0.277009
0 0 0.27604
0 0 0.272688
0 0 0.271156
0 0 0.270092
0 0 0.26819
0 0 0.265485
0 0 0.262426
0 0 0.258637
0 0 0.25859
0 0 0.255628
0 0 0.252907
0 0 0.252476
0 0 0.252109
0 0 0.249099
0 0 0.244845
0 0 0.244563
0 0 0.243524
0 0 0.243516
0 0 0.241482
0 0 0.239161
0 0 0.239102
0 0 0.238545
0 0 0.235916
0 0 0.232723
0 0 0.228591
0 0 0.225139
0 0 0.22493
0 0 0.222504
0 0 0.220137
0 0 0.218617
0 0 0.216924
0 0 0.21648
0 0 0.216327
0 0 0.215877
0 0 0.211924
0 0 0.208769
0 0 0.207854
0 0 0.205478
0 0 0.202732
0 0 0.201153
0 0 0.200837
0 0 0.200762
0 0 0.199018
0 0 0.198683
0 0 0.198586
0 0 0.197897
0 0 0.197743
0 0 0.196974
0 0 0.193793
0 0 0.192832
0 0 0.191511
0 0 0.190977
0 0 0.189483
0 0 0.188318
0 0 0.187506
0 0 0.187064
0 0 0.186472
0 0 0.185234
0 0 0.184712
0 0 0.184076
0 0 0.183336
0 0 0.182725
0 0 0.181789
0 0 0.180747
0 0 0.179193
0 0 0.178118
0 0 0.177541
0 0 0.177506
0 0 0.177474
0 0 0.176144
0 0 0.174033
0 0 0.173722
0 0 0.173496
0 0 0.173387
0 0 0.172118
0 0 0.171244
0 0 0.171022
0 0 0.169843
0 0 0.168785
0 0 0.168241
0 0 0.168061
0 0 0.16684
0 0 0.166559
0 0 0.16494
0 0 0.163656
0 0 0.163343
0 0 0.162977
0 0 0.162644
0 0 0.162519
0 0 0.162461
0 0 0.162386
0 0 0.162369
1 0.449561 0.61187
0 0 0.162079
0 0 0.161941
0 0 0.161748
0 0 0.160813
0 0 0.15915
0 0 0.158932
0 0 0.157752
0 0 0.157042
0 0 0.156312
0 0 0.156305
0 0 0.155973
0 0 0.155959
0 0 0.155781
0 0 0.15542
0 0 0.155349
0 0 0.155269
0 0 0.154395
0 0 0.153985
0 0 0.153945
0 0 0.153862
0 0 0.153627
0 0 0.153272
0 0 0.152807
0 0 0.152464
0 0 0.151995
0 0 0.151699
0 0 0.150694
0 0 0.149675
0 0 0.149602
0 0 0.149419
0 0 0.149322
0 0 0.149048
0 0 0.148285
0 0 0.147812
0 0 0.147284
0 0 0.147153
0 0 0.147032
0 0 0.147022
0 0 0.14685
0 0 0.146355
0 0 0.145665
0 0 0.145329
0 0 0.144934
0 0 0.144719
0 0 0.144301
0 0 0.144237
0 0 0.144208
0 0 0.144076
0 0 0.144045
0 0 0.143859
0 0 0.143503
0 0 0.143491
0 0 0.143325
0 0 0.142961
0 0 0.142934
0 0 0.141844
0 0 0.141618
0 0 0.14147
0 0 0.141389
0 0 0.141245
0 0 0.14088
0 0 0.140251
0 0 0.140238
0 0 0.139937
0 0 0.139314
0 0 0.137893
0 0 0.137872
0 0 0.137535
0 0 0.137349
0 0 0.137321
0 0 0.136439
0 0 0.135672
0 0 0.134946
0 0 0.134833
0 0 0.134077
0 0 0.133945
0 0 0.133714
0 0 0.133181
0 0 0.132588
0 0 0.132121
0 0 0.131734
0 0 0.131662
0 0 0.131283
0 0 0.13107
0 0 0.130876
0 0 0.13073
0 0 0.130475
0 0 0.130306
0 0 0.129789
0 0 0.129677
0 0 0.129658
0 0 0.12893
0 0 0.128871
0 0 0.128477
0 0 0.128336
0 0 0.128166
0 0 0.12809
0 0 0.127931
0 0 0.127788
0 0 0.127555
0 0 0.126746
0 0 0.126671
0 0 0.126555
0 0 0.126387
0 0 0.126122
0 0 0.126117
0 0 0.126108
0 0 0.125878
0 0 0.125843
0 0 0.125728
0 0 0.124411
0 0 0.124194
0 0 0.12403
0 0 0.12365
0 0 0.123446
0 0 0.123369
0 0 0.123177
0 0 0.122968
0 0 0.122909
0 0 0.122873
0 0 0.122829
0 0 0.122608
0 0 0.121924
0 0 0.121628
0 0 0.121503
0 0 0.12137
0 0 0.12124
0 0 0.120921
0 0 0.120829
0 0 0.120571
0 0 0.120482
0 0 0.120016
0 0 0.119626
0 0 0.119567
0 0 0.119234
0 0 0.119216
0 0 0.11918
0 0 0.118761
0 0 0.118571
0 0 0.11856
0 0 0.118467
0 0 0.11844
0 0 0.118175
0 0 0.118016
0 0 0.11759
0 0 0.117583
0 0 0.117398
0 0 0.117119
0 0 0.11672
0 0 0.116686
0 0 0.116525
0 0 0.116349
0 0 0.116262
0 0 0.116134
0 0 0.116082
0 0 0.115627
0 0 0.115587
0 0 0.115223
0 0 0.11507
0 0 0.114621
0 0 0.114433
0 0 0.114308
0 0 0.113372
0 0 0.113305
0 0 0.113156
0 0 0.113003
0 0 0.112238
0 0 0.111826
0 0 0.111825
0 0 0.111379
0 0 0.110484
0 0 0.109984
0 0 0.10926
0 0 0.109223
0 0 0.109136
1 0.345208 0.453995
0 0 0.108766
0 0 0.108458
0 0 0.108228
0 0 0.107739
0 0 0.107315
0 0 0.106934
0 0 0.106786
0 0 0.106213
0 0 0.106007
0 0 0.105984
1 0.466262 0.572068
0 0 0.10565
0 0 0.105556
0 0 0.104872
0 0 0.104525
0 0 0.104292
0 0 0.104247
0 0 0.104164
0 0 0.104033
0 0 0.103702
0 0 0.10299
0 0 0.102976
0 0 0.102904
0 0 0.102554
0 0 0.102419
0 0 0.102202
0 0 0.10209
0 0 0.101952
0 0 0.101757
0 0 0.101489
0 0 0.101064
0 0 0.101036
0 0 0.100874
0 0 0.100867
0 0 0.100679
0 0 0.100517
0 0 0.100488
0 0 0.0998818
0 0 0.0998209
0 0 0.0996005
0 0 0.0994614
0 0 0.099453
0 0 0.0993479
0 0 0.0993183
0 0 0.0990694
0 0 0.0988637
0 0 0.098622
0 0 0.0982851
0 0 0.0982556
0 0 0.0982086
0 0 0.0981553
0 0 0.0978421
0 0 0.0959188
0 0 0.0956471
0 0 0.0955738
0 0 0.0952191
0 0 0.094919
0 0 0.0946884
0 0 0.0939161
0 0 0.0936454
0 0 0.0934851
0 0 0.0934226
0 0 0.0933256
0 0 0.0925897
0 0 0.0925496
0 0 0.091933
0 0 0.0910746
0 0 0.0902328
0 0 0.0901636
0 0 0.0897089
0 0 0.0894831
0 0 0.0893601
0 0 0.0874893
0 0 0.0866609
0 0 0.0843909
0 0 0.0836057
0 0 0.0834527
0 0 0.0828953
0 0 0.0824118
0 0 0.0823188
0 0 0.081658
0 0 0.0804948
0 0 0.0791314
1 0.341465 0.419601
0 0 0.0704175
0 0 0.0680184
1 0.307504 0.374963
0 0 0.0567746
1 0.329101 0.385275
1 0.252733 0.304291
1 0.265552 0.315501
1 0.255027 0.297456
1 0.355659 0.397579
1 0.218384 0.259406
1 0.485263 0.525823
1 0.161832 0.202301
1 0.280999 0.320998
1 0.171466 0.211434
1 0.319604 0.358515
1 0.196525 0.233798
1 0.132674 0.169637
1 0.161178 0.198041
1 0.148871 0.181746
1 0.188501 0.219912
1 0.202248 0.231836
1 0.579319 0.6072
1 0.168064 0.195534
1 0.176795 0.20418
1 0.144185 0.170525
1 0.105258 0.129777
1 0.201023 0.225468
1 0.149455 0.17347
1 0.192783 0.216596
1 0.137576 0.161356
1 0.174754 0.198112
1 0.142846 0.16517
1 0.158626 0.180928
1 0.25642 0.278642
1 0.236928 0.25788
1 0.174539 0.195313
1 0.163802 0.18365
1 0.148292 0.167505
1 0.211206 0.229563
1 0.157463 0.175811
1 0.207641 0.225853
1 0.226204 0.244381
1 0.2263 0.244369
1 0.179008 0.197061
1 0.152336 0.169764
1 0.145617 0.162944
1 0.10691 0.123861
1 0.16875 0.185391
1 0.141995 0.158536
2 0.172928 0.189387
1 0.12698 0.143409
1 0.363125 0.379513
1 0.279265 0.294718
1 0.169748 0.185148
1 0.344086 0.359322
1 0.17004 0.185071
1 0.13181 0.146786
2 0.475686 0.490552
1 0.287561 0.302381
1 0.170304 0.185071
1 0.186478 0.201071
1 0.185219 0.199642
1 0.174944 0.18887
1 0.12385 0.137694
1 0.114471 0.12815
1 0.252438 0.26582
1 0.104572 0.117785
1 0.17382 0.186975
1 0.289445 0.302381
1 0.117643 0.130407
1 0.258371 0.271103
2 0.1888 0.201295
1 0.154643 0.167114
1 0.168454 0.180856
1 0.147682 0.159836
1 0.107111 0.119241
1 0.104105 0.11621
1 0.176319 0.188064
1 0.169688 0.181045
1 0.126153 0.137458
1 0.138835 0.150114
1 0.189927 0.201162
1 0.17513 0.186116
1 0.174445 0.185391
1 0.187171 0.198065
1 0.135865 0.146732
1 0.13531 0.146122
1 0.206021 0.216771
1 0.130786 0.141454
1 0.224613 0.234954
1 0.16832 0.178658
1 0.105438 0.115415
1 0.176709 0.186631
2 0.139991 0.149829
1 0.129999 0.139818
1 0.129475 0.139268
1 0.105222 0.114983
1 0.153754 0.163508
1 0.318353 0.328021
1 0.195841 0.205492
1 0.15901 0.168558
2 0.158293 0.16778
1 0.146353 0.155728
1 0.188147 0.197514
1 0.135578 0.144916
1 0.111015 0.120262
1 0.104913 0.113975
1 0.195404 0.20426
2 0.183585 0.192328
1 0.225162 0.2339
1 0.185972 0.194687
1 0.157651 0.166184
1 0.111922 0.12044
1 0.186017 0.194491
1 0.156745 0.165132
1 0.182862 0.191231
1 0.171546 0.179657
1 0.144789 0.15284
1 0.153927 0.161953
1 0.113925 0.121946
1 0.161349 0.169149
1 0.115826 0.123623
1 0.377684 0.385314
1 0.161725 0.169352
1 0.161135 0.168742
1 0.149663 0.157204
1 0.302852 0.310188
1 0.147067 0.154384
1 0.163689 0.170656
1 0.154818 0.161762
1 0.121601 0.128522
1 0.125491 0.132215
2 0.171284 0.177956
1 0.215098 0.221763
1 0.15632 0.162872
1 0.136097 0.142412
2 0.438273 0.444574
1 0.12622 0.132347
1 0.181493 0.187508
1 0.149147 0.155112
1 0.188685 0.194632
1 0.122369 0.12815
1 0.173513 0.179245
1 0.118191 0.123861
2 0.179657 0.185272
1 0.108235 0.1137
2 0.119177 0.124599
1 0.128084 0.133479
2 0.185272 0.190649
1 0.177261 0.182571
1 0.163442 0.168643
2 0.203191 0.208342
2 0.144663 0.149814
2 0.134704 0.139853
1 0.157229 0.162315
1 0.189624 0.194679
1 0.2453 0.250017
1 0.179764 0.184454
2 0.186693 0.19133
1 0.183107 0.187711
2 0.183592 0.188194
1 0.106775 0.111319
1 0.164224 0.168742
1 0.101285 0.105774
1 0.183719 0.188001
1 0.136312 0.14059
1 0.227631 0.231887
1 0.179372 0.183592
2 0.20197 0.206131
2 0.120442 0.124599
1 0.121417 0.12556
2 0.193189 0.197284
2 0.195363 0.199426
1 0.12595 0.130003
1 0.506273 0.510252
1 0.122201 0.12614
1 0.176461 0.180393
1 0.138628 0.142465
2 0.129933 0.133763
1 0.124066 0.127822
1 0.165546 0.169288
1 0.12274 0.126472
2 0.133812 0.137454
1 0.141812 0.145381
1 0.150625 0.154187
1 0.208817 0.212369
1 0.163627 0.167156
1 0.248635 0.252112
1 0.157628 0.161086
2 0.189234 0.192689
2 0.152413 0.155864
1 0.114407 0.117785
2 0.191507 0.194858
1 0.109875 0.11322
1 0.137019 0.140363
2 0.188205 0.191507
1 0.158507 0.1618
2 0.136312 0.139436
1 0.145096 0.148162
1 0.16671 0.169687
2 0.175448 0.178414
1 0.17809 0.181045
1 0.127523 0.130464
1 0.109917 0.112767
1 0.0982421 0.101081
1 0.174155 0.176973
1 0.189634 0.19242
1 0.125799 0.128562
1 0.138597 0.141351
2 0.172544 0.175236
1 0.134508 0.137188
1 0.424562 0.427218
2 0.14434 0.146993
2 0.113708 0.116326
2 0.157011 0.159616
1 0.18267 0.185253
2 0.135494 0.138009
2 0.157722 0.160228
1 0.137118 0.139588
1 0.162783 0.165249
1 0.136153 0.138516
2 0.221871 0.224217
2 0.183376 0.185597
2 0.135582 0.137758
1 0.108555 0.11073
1 0.270202 0.272343
2 0.134299 0.136429
1 0.102578 0.104685
2 0.197055 0.199139
1 0.165049 0.167114
2 0.188583 0.190619
1 0.115144 0.117077
1 0.16589 0.167771
2 0.167581 0.169422
1 0.11739 0.119177
1 0.366652 0.368357
1 0.12273 0.12439
1 0.212881 0.214534
2 0.177227 0.178861
1 0.118054 0.119648
1 0.324055 0.325601
1 0.226911 0.228449
1 0.128822 0.130304
1 0.152914 0.154377
2 0.135891 0.137317
1 0.106386 0.107807
2 0.132904 0.13424
1 0.117925 0.119174
1 0.138428 0.13952
2 0.152523 0.153587
1 0.139188 0.140251
1 0.205843 0.206888
2 0.325188 0.326165
1 0.129329 0.130304
1 0.288389 0.289354
1 0.17448 0.175439
2 0.143409 0.144331
1 0.22227 0.223163
2 0.123946 0.124821
1 0.14266 0.143517
1 0.180815 0.181657
1 0.139576 0.140373
1 0.142949 0.143735
1 0.140925 0.141702
1 0.19887 0.199604
1 0.203535 0.204226
1 0.138284 0.138972
2 0.150048 0.150684
1 0.141496 0.14209
2 0.243689 0.244152
2 0.20773 0.20817
1 0.122214 0.122498
2 0.142758 0.142991
2 0.142454 0.142665
2 0.123566 0.123765
1 0.178683 0.178753
1 0.154033 0.154101
