0 0 inf
0 0 inf
0 0 inf
0 0 inf
0 0 inf
0 0 inf
0 0 inf
0 0 inf
0 0 0.731896
0 0 0.642121
0 0 0.594833
0 0 0.587801
0 0 0.551933
0 0 0.541507
0 0 0.533495
0 0 0.529009
0 0 0.521231
0 0 0.516854
0 0 0.506297
0 0 0.499435
0 0 0.489615
0 0 0.488841
0 0 0.487764
0 0 0.474639
0 0 0.470981
0 0 0.443964
0 0 0.439323
0 0 0.429177
0 0 0.426547
0 0 0.395295
0 0 0.356052
0 0 0.353343
0 0 0.345394
0 0 0.342014
0 0 0.341716
0 0 0.340725
0 0 0.334579
0 0 0.333781
0 0 0.33287
0 0 0.33223
0 0 0.331524
0 0 0.32229
0 0 0.321682
0 0 0.320153
0 0 0.32007
0 0 0.317344
0 0 0.313749
0 0 0.31057
0 0 0.309968
0 0 0.308308
0 0 0.304813
0 0 0.300689
0 0 0.298405
0 0 0.297165
0 0 0.29623
0 0 0.289956
0 0 0.277198
0 0 0.276391
0 0 0.272493
0 0 0.269822
0 0 0.269256
0 0 0.265121
0 0 0.263722
0 0 0.263346
0 0 0.261707
0 0 0.2588
0 0 0.256736
0 0 0.256026
0 0 0.250847
0 0 0.247779
0 0 0.247673
0 0 0.24593
0 0 0.244841
0 0 0.241605
0 0 0.23981
0 0 0.237858
0 0 0.235681
0 0 0.235429
0 0 0.232795
0 0 0.228694
0 0 0.228248
0 0 0.224743
0 0 0.223408
0 0 0.223043
0 0 0.221549
0 0 0.21797
0 0 0.213993
0 0 0.213543
0 0 0.213276
0 0 0.211169
0 0 0.210182
0 0 0.206094
0 0 0.204703
0 0 0.203334
0 0 0.201587
0 0 0.201234
0 0 0.200599
0 0 0.198725
0 0 0.197726
0 0 0.197259
0 0 0.196816
0 0 0.195381
0 0 0.195118
0 0 0.193968
0 0 0.193233
0 0 0.19274
0 0 0.191852
0 0 0.191288
0 0 0.19109
0 0 0.189447
0 0 0.189301
0 0 0.189085
0 0 0.1888
0 0 0.186354
0 0 0.184221
0 0 0.183191
0 0 0.182906
0 0 0.178188
0 0 0.178148
0 0 0.176156
0 0 0.175348
0 0 0.172792
0 0 0.171319
0 0 0.170015
0 0 0.167455
0 0 0.16654
0 0 0.166114
0 0 0.164977
0 0 0.163909
0 0 0.163556
0 0 0.16234
0 0 0.162284
0 0 0.16158
0 0 0.159021
0 0 0.158031
0 0 0.154892
0 0 0.153626
0 0 0.152359
0 0 0.15219
0 0 0.15121
0 0 0.151129
0 0 0.150083
0 0 0.149625
0 0 0.148865
0 0 0.148778
0 0 0.148175
0 0 0.147847
0 0 0.146947
0 0 0.146356
0 0 0.146201
0 0 0.146159
0 0 0.145108
0 0 0.145031
0 0 0.144435
0 0 0.144308
0 0 0.144077
0 0 0.142897
0 0 0.142265
0 0 0.142012
0 0 0.141809
0 0 0.140422
0 0 0.140143
0 0 0.139861
0 0 0.139109
0 0 0.138253
0 0 0.137954
0 0 0.137378
0 0 0.13722
0 0 0.136824
0 0 0.1363
0 0 0.136062
0 0 0.135845
0 0 0.135612
0 0 0.135257
0 0 0.134703
0 0 0.134541
0 0 0.134471
0 0 0.133892
0 0 0.132747
0 0 0.132264
0 0 0.131709
0 0 0.131653
0 0 0.130919
0 0 0.130819
0 0 0.129687
0 0 0.129449
0 0 0.129202
0 0 0.129138
0 0 0.128904
0 0 0.127485
0 0 0.127447
0 0 0.126733
0 0 0.126223
0 0 0.126076
0 0 0.125064
0 0 0.123795
0 0 0.123292
0 0 0.122413
0 0 0.122222
0 0 0.121837
0 0 0.12174
0 0 0.121278
0 0 0.121163
0 0 0.120881
0 0 0.120844
0 0 0.120332
0 0 0.120252
0 0 0.120094
0 0 0.119929
0 0 0.118818
0 0 0.117929
0 0 0.117917
0 0 0.117313
0 0 0.117305
0 0 0.117149
0 0 0.117051
0 0 0.117009
0 0 0.116734
0 0 0.115666
0 0 0.115536
0 0 0.115359
0 0 0.115357
0 0 0.11442
0 0 0.113852
0 0 0.113698
0 0 0.113224
0 0 0.112687
0 0 0.112635
0 0 0.112363
0 0 0.112348
0 0 0.111919
0 0 0.111816
0 0 0.111509
0 0 0.111311
0 0 0.110699
0 0 0.109993
0 0 0.109911
0 0 0.109869
0 0 0.109116
0 0 0.109109
0 0 0.108994
0 0 0.108494
0 0 0.108357
0 0 0.108023
0 0 0.107784
0 0 0.107519
0 0 0.107485
0 0 0.106843
0 0 0.10641
0 0 0.10638
0 0 0.106231
0 0 0.106127
0 0 0.106088
0 0 0.105943
0 0 0.105896
0 0 0.105876
0 0 0.105843
0 0 0.105333
0 0 0.105311
0 0 0.104484
0 0 0.104372
0 0 0.104152
0 0 0.103863
0 0 0.103741
0 0 0.103718
0 0 0.103569
0 0 0.103535
0 0 0.103227
0 0 0.103137
0 0 0.102815
1 0.593982 0.696502
0 0 0.102255
0 0 0.102187
0 0 0.102042
0 0 0.101941
0 0 0.101485
0 0 0.101127
0 0 0.101032
0 0 0.100982
0 0 0.100926
0 0 0.100877
0 0 0.100803
0 0 0.100754
0 0 0.100581
0 0 0.100437
0 0 0.100058
0 0 0.0999256
0 0 0.0998048
0 0 0.0996499
0 0 0.0996342
0 0 0.0993724
0 0 0.0991802
0 0 0.0990175
0 0 0.0989799
0 0 0.0989081
0 0 0.0988964
0 0 0.0987683
0 0 0.0987345
0 0 0.0985922
0 0 0.0981769
0 0 0.0978567
0 0 0.0976751
0 0 0.0973436
0 0 0.0972022
0 0 0.0969645
0 0 0.0965048
0 0 0.0963142
0 0 0.0962604
0 0 0.096056
0 0 0.0960474
0 0 0.0958837
0 0 0.0958801
0 0 0.0958054
0 0 0.0957634
0 0 0.0957276
0 0 0.0956409
0 0 0.0949806
0 0 0.0943977
0 0 0.0940547
0 0 0.09386
0 0 0.093081
0 0 0.0928413
0 0 0.0917673
0 0 0.0916706
0 0 0.0908567
0 0 0.0905746
0 0 0.0905543
0 0 0.0904204
0 0 0.0903234
0 0 0.0902121
0 0 0.0894683
0 0 0.0889204
0 0 0.0886654
0 0 0.0886401
0 0 0.0884508
0 0 0.0881088
0 0 0.0867829
0 0 0.0867112
0 0 0.0865282
0 0 0.0864123
0 0 0.0860201
0 0 0.0859676
0 0 0.0859604
0 0 0.085717
0 0 0.0856816
0 0 0.0855297
0 0 0.0851888
0 0 0.0849225
0 0 0.0847472
0 0 0.0846551
0 0 0.0845426
0 0 0.0840469
0 0 0.0838826
0 0 0.0835651
0 0 0.0834803
0 0 0.0833956
0 0 0.0833851
0 0 0.0832627
0 0 0.0830811
0 0 0.0829143
0 0 0.0828089
0 0 0.0828048
0 0 0.0827488
0 0 0.0827281
0 0 0.0827263
0 0 0.0827104
0 0 0.0825409
0 0 0.082376
0 0 0.0821153
0 0 0.0820254
0 0 0.081996
0 0 0.0819377
0 0 0.0818052
0 0 0.0809685
0 0 0.0807995
0 0 0.0807476
0 0 0.080364
0 0 0.0803617
0 0 0.0799757
0 0 0.0798728
0 0 0.0794434
0 0 0.0792201
0 0 0.0778229
0 0 0.0777212
0 0 0.0773911
0 0 0.077277
0 0 0.0765839
0 0 0.076398
0 0 0.0761241
0 0 0.0748063
0 0 0.0743252
1 0.54427 0.618393
0 0 0.0739583
0 0 0.0732974
0 0 0.0728984
0 0 0.0718783
0 0 0.071409
0 0 0.0700214
0 0 0.0697612
0 0 0.0685532
1 0.367827 0.434514
0 0 0.066312
0 0 0.0599159
1 0.398238 0.449614
1 0.705904 0.746782
1 0.252179 0.287881
1 0.262714 0.29442
1 0.505807 0.536422
1 0.304222 0.334588
1 0.142399 0.17248
1 0.182715 0.21198
1 0.334811 0.36373
1 0.521364 0.549926
1 0.278179 0.306304
1 0.414303 0.440601
1 0.327352 0.352623
1 0.108001 0.133106
1 0.289373 0.313121
1 0.270599 0.293075
1 0.107946 0.128717
1 0.135422 0.156143
1 0.127017 0.146291
1 0.105744 0.124683
1 0.111011 0.1294
1 0.107965 0.125067
1 0.179036 0.196045
1 0.102868 0.119859
1 0.125612 0.142534
1 0.110643 0.127488
1 0.108781 0.125597
1 0.129175 0.1456
1 0.104315 0.120675
1 0.148625 0.164463
1 0.131591 0.146641
1 0.386615 0.401409
1 0.12242 0.137178
1 0.434798 0.449462
1 0.112044 0.126624
1 0.143216 0.157667
1 0.211378 0.225808
1 0.113583 0.127997
1 0.103517 0.117753
1 0.131203 0.1452
1 0.138155 0.151767
1 0.148894 0.162446
1 0.151595 0.165012
1 0.239006 0.252421
1 0.0941429 0.107073
1 0.113451 0.126367
1 0.129529 0.142269
1 0.122245 0.134823
1 0.118265 0.130677
1 0.159419 0.171792
1 0.087976 0.100327
1 0.211725 0.223998
1 0.111889 0.124118
1 0.0852373 0.0973971
1 0.0867619 0.0988915
1 0.101915 0.113867
1 0.131362 0.14321
1 0.105275 0.116609
2 0.163093 0.174352
1 0.152318 0.163542
1 0.201883 0.213027
1 0.0868185 0.0978646
1 0.115031 0.125945
1 0.107814 0.118721
1 0.106615 0.11704
1 0.0998888 0.110308
1 0.19287 0.203151
2 0.156343 0.166588
2 0.158166 0.168411
1 0.134998 0.1452
1 0.154138 0.164133
1 0.103258 0.113193
1 0.158591 0.16824
1 0.0950867 0.104484
1 0.087515 0.0966953
1 0.120257 0.129306
1 0.0983254 0.107073
1 0.220604 0.229258
1 0.16911 0.177716
1 0.1799 0.188471
2 0.12528 0.133711
1 0.214049 0.222445
1 0.117928 0.126203
1 0.146842 0.155101
1 0.101921 0.110012
1 0.108237 0.116196
1 0.106832 0.114716
1 0.118075 0.12591
1 0.154659 0.162446
2 0.123154 0.130869
2 0.10772 0.115338
1 0.12246 0.129953
2 0.17721 0.184636
1 0.107438 0.114634
1 0.148908 0.156052
1 0.0995725 0.106589
1 0.115022 0.122007
1 0.0934279 0.100343
1 0.0920091 0.0988915
1 0.117185 0.124063
1 0.124429 0.131244
1 0.132218 0.139006
1 0.153259 0.160011
1 0.0986593 0.105374
1 0.11084 0.117555
1 0.117073 0.123707
1 0.141926 0.148546
2 0.102259 0.108737
1 0.125295 0.13174
1 0.0866516 0.0930419
2 0.101925 0.108299
1 0.112686 0.118996
1 0.229401 0.235556
1 0.13453 0.140577
1 0.14467 0.150695
1 0.105588 0.111596
1 0.358207 0.364166
1 0.41552 0.421358
1 0.117096 0.122891
2 0.109777 0.115569
2 0.128246 0.134036
1 0.204405 0.210101
1 0.197672 0.203272
1 0.123679 0.12917
1 0.237831 0.24331
2 0.147401 0.152612
1 0.182791 0.18785
1 0.106425 0.111428
1 0.123434 0.128391
1 0.15222 0.157139
1 0.103143 0.107996
1 0.111234 0.116045
2 0.110259 0.114933
1 0.18888 0.1935
1 0.131095 0.135708
1 0.134679 0.139265
1 0.144949 0.149513
1 0.094157 0.0987095
1 0.0865211 0.0910708
1 0.0978331 0.102367
1 0.141764 0.146291
2 0.102175 0.106602
2 0.150781 0.155154
2 0.126121 0.13042
1 0.089092 0.0933845
1 0.0981073 0.102367
2 0.250233 0.25448
1 0.118697 0.122903
1 0.1453 0.149503
1 0.110918 0.115088
1 0.229797 0.233961
1 0.127948 0.132044
1 0.145548 0.149557
1 0.12006 0.124063
2 0.235074 0.239063
1 0.436326 0.440311
1 0.107447 0.111428
1 0.143674 0.147622
2 0.164463 0.168396
1 0.166685 0.170597
1 0.107091 0.110999
1 0.111605 0.115504
1 0.096195 0.100054
2 0.130269 0.134102
1 0.125783 0.1296
1 0.111343 0.11514
1 0.110451 0.114231
1 0.104059 0.107809
1 0.125823 0.129518
1 0.118827 0.122475
1 0.106406 0.110003
1 0.0998951 0.103447
1 0.102403 0.105949
1 0.17187 0.175386
2 0.1017 0.105118
1 0.119527 0.122891
2 0.12807 0.131424
1 0.119671 0.122999
1 0.131509 0.134809
1 0.115474 0.118764
2 0.124061 0.127285
2 0.11711 0.120302
1 0.133364 0.136504
1 0.184783 0.187915
2 0.161778 0.16491
1 0.088206 0.0913341
1 0.122173 0.125271
1 0.098833 0.101925
1 0.295873 0.29895
1 0.132514 0.135557
1 0.113577 0.11661
1 0.102694 0.105708
1 0.110108 0.113116
1 0.237523 0.240429
1 0.14023 0.143117
2 0.128264 0.131141
1 0.131614 0.134474
2 0.137453 0.14031
2 0.112504 0.115355
1 0.140873 0.143664
2 0.158166 0.160923
2 0.121824 0.124557
2 0.132986 0.135718
2 0.130635 0.133263
1 0.128426 0.131054
1 0.112461 0.115057
1 0.127566 0.130148
2 0.152039 0.154596
1 0.0928404 0.0953769
2 0.130748 0.133263
1 0.112986 0.115497
1 0.0818718 0.0843425
1 0.191022 0.193486
1 0.149021 0.151476
2 0.244778 0.247206
1 0.0970553 0.0994752
1 0.345905 0.348308
2 0.102749 0.105127
1 0.128064 0.130269
1 0.121873 0.124072
1 0.122637 0.124809
2 0.121332 0.123492
2 0.131123 0.133263
1 0.103429 0.105568
1 0.0948211 0.0969344
1 0.0913503 0.0933845
1 0.123493 0.125512
1 0.112502 0.114507
2 0.105285 0.107273
2 0.120509 0.122495
1 0.130937 0.132918
1 0.113637 0.115598
2 0.1314 0.133315
2 0.127027 0.128801
1 0.138758 0.140529
2 0.106904 0.108615
1 0.127144 0.12884
2 0.132961 0.134636
2 0.131599 0.133263
1 0.197336 0.198989
1 0.215627 0.217275
1 0.120077 0.121712
2 0.131422 0.133038
1 0.183464 0.185016
2 0.126368 0.127876
1 0.118332 0.119801
2 0.104044 0.105486
1 0.22639 0.227712
1 0.146433 0.14768
1 0.109739 0.110881
1 0.118215 0.119346
1 0.548333 0.549454
1 0.129893 0.130833
1 0.144876 0.145804
1 0.146422 0.147341
1 0.125832 0.126707
1 0.122323 0.123196
1 0.12427 0.125132
1 0.0974465 0.0982261
1 0.114641 0.11541
1 0.110619 0.111357
2 0.131123 0.13185
1 0.117244 0.117929
2 0.1306 0.131253
2 0.132425 0.133038
2 0.134225 0.134819
2 0.139127 0.13972
1 0.12734 0.127914
2 0.12484 0.125402
2 0.265604 0.266154
2 0.146044 0.146592
1 0.0996187 0.100159
1 0.270801 0.271337
1 0.137444 0.137976
1 0.118263 0.118748
1 0.13816 0.138628
1 0.197343 0.197799
1 0.120905 0.121313
1 0.0944491 0.094778
2 0.125958 0.126281
1 0.164957 0.165205
2 0.127352 0.127597
1 0.123463 0.123707
1 0.154251 0.15448
1 0.135536 0.135702
1 0.117807 0.117929
1 0.107609 0.10772
1 0.130767 0.130856
1 0.101917 0.101963
1 0.100653 0.100689
1 0.113022 0.113031
