0 0 inf
0 0 inf
0 0 0.792344
0 0 0.647163
0 0 0.631678
0 0 0.616736
0 0 0.525617
0 0 0.513816
0 0 0.504337
0 0 0.501888
0 0 0.469527
0 0 0.468408
0 0 0.460786
0 0 0.432104
0 0 0.429511
0 0 0.424986
0 0 0.422602
0 0 0.415145
0 0 0.413208
0 0 0.409992
0 0 0.391259
0 0 0.383997
0 0 0.368475
0 0 0.368228
0 0 0.356316
0 0 0.328537
0 0 0.325421
0 0 0.317851
0 0 0.316325
0 0 0.292441
0 0 0.267644
0 0 0.265131
0 0 0.260186
0 0 0.258432
0 0 0.256402
0 0 0.249261
0 0 0.239201
0 0 0.232257
0 0 0.227577
0 0 0.226747
0 0 0.224159
0 0 0.224035
0 0 0.21937
0 0 0.217357
0 0 0.215705
0 0 0.214803
0 0 0.21288
0 0 0.212285
0 0 0.210339
0 0 0.207497
0 0 0.206691
0 0 0.206261
0 0 0.197959
0 0 0.197848
0 0 0.19602
0 0 0.194282
0 0 0.1921
0 0 0.191982
0 0 0.191783
0 0 0.190453
0 0 0.190279
0 0 0.189645
0 0 0.188907
0 0 0.188846
0 0 0.186295
0 0 0.183172
0 0 0.178383
0 0 0.175492
0 0 0.173896
0 0 0.173383
0 0 0.172063
0 0 0.16908
0 0 0.163977
0 0 0.162474
0 0 0.162242
0 0 0.159307
0 0 0.158863
0 0 0.157251
0 0 0.154062
0 0 0.152678
0 0 0.151896
0 0 0.151118
0 0 0.149799
0 0 0.149688
0 0 0.14899
0 0 0.148235
0 0 0.147088
0 0 0.147004
0 0 0.145331
0 0 0.144375
0 0 0.143658
0 0 0.142682
0 0 0.140337
0 0 0.139112
0 0 0.138371
0 0 0.135837
0 0 0.135191
0 0 0.133031
0 0 0.132994
0 0 0.132032
0 0 0.13138
0 0 0.13119
0 0 0.130751
0 0 0.130558
0 0 0.130444
0 0 0.130223
0 0 0.129718
0 0 0.128962
0 0 0.128743
0 0 0.127575
0 0 0.126711
0 0 0.126553
0 0 0.125861
0 0 0.125533
0 0 0.12534
0 0 0.125078
0 0 0.1249
0 0 0.124869
0 0 0.124595
0 0 0.12423
0 0 0.123512
0 0 0.122858
0 0 0.122674
0 0 0.121653
0 0 0.121552
0 0 0.121115
0 0 0.120844
0 0 0.120164
0 0 0.120016
0 0 0.120004
0 0 0.11993
0 0 0.119496
0 0 0.118974
0 0 0.118973
0 0 0.118971
0 0 0.117945
0 0 0.116969
0 0 0.116335
0 0 0.115728
0 0 0.115539
0 0 0.114183
0 0 0.113672
0 0 0.113425
0 0 0.113349
0 0 0.113216
0 0 0.113144
0 0 0.11271
0 0 0.112027
0 0 0.111982
0 0 0.111933
0 0 0.111468
0 0 0.110808
0 0 0.109969
0 0 0.109096
0 0 0.108897
0 0 0.10872
0 0 0.108532
0 0 0.108256
0 0 0.108089
1 0.424466 0.531048
0 0 0.106237
0 0 0.105849
0 0 0.105752
0 0 0.105688
0 0 0.105671
0 0 0.105452
0 0 0.105104
0 0 0.104897
0 0 0.104726
0 0 0.104501
0 0 0.104132
0 0 0.103323
0 0 0.101722
0 0 0.101486
0 0 0.10112
0 0 0.100802
0 0 0.10046
0 0 0.100353
0 0 0.100096
0 0 0.100038
0 0 0.100037
0 0 0.0998948
0 0 0.0998497
0 0 0.0997873
0 0 0.0994849
0 0 0.0992444
0 0 0.0990334
0 0 0.0989809
0 0 0.0982213
0 0 0.098175
0 0 0.0977325
0 0 0.0976905
0 0 0.0976228
0 0 0.0971936
0 0 0.0966552
0 0 0.0966063
0 0 0.0965421
0 0 0.0964976
0 0 0.0963131
0 0 0.0956752
0 0 0.0952944
0 0 0.0951845
0 0 0.0951809
0 0 0.0951622
0 0 0.094609
0 0 0.0944485
0 0 0.094407
0 0 0.0939953
0 0 0.0938732
0 0 0.0937698
0 0 0.0936695
0 0 0.0932542
0 0 0.0930895
0 0 0.092635
0 0 0.0925681
0 0 0.0922687
0 0 0.092203
0 0 0.0920247
0 0 0.0919479
0 0 0.0918777
0 0 0.09187
0 0 0.091681
0 0 0.0912981
0 0 0.0912261
0 0 0.091224
0 0 0.0910143
0 0 0.0906833
0 0 0.0905874
0 0 0.0902378
0 0 0.0900932
0 0 0.0899408
0 0 0.089422
0 0 0.089377
0 0 0.089228
0 0 0.0891168
0 0 0.0888561
0 0 0.0884201
0 0 0.0883835
0 0 0.0881433
0 0 0.087967
0 0 0.087883
0 0 0.0878751
0 0 0.0876924
0 0 0.0876885
0 0 0.0876577
0 0 0.0876074
0 0 0.087441
0 0 0.0873981
0 0 0.0871589
0 0 0.0869688
0 0 0.0869605
0 0 0.086825
0 0 0.0867737
0 0 0.086605
0 0 0.0863221
0 0 0.0861734
0 0 0.0860169
0 0 0.0858767
0 0 0.0858209
0 0 0.085683
0 0 0.0855716
0 0 0.0853809
0 0 0.0853468
0 0 0.0852595
0 0 0.0852299
0 0 0.0851835
0 0 0.08508
0 0 0.0849076
0 0 0.0848618
0 0 0.0847669
0 0 0.0843035
0 0 0.0842426
0 0 0.0842081
0 0 0.0841254
0 0 0.0840076
0 0 0.0840044
0 0 0.0838839
0 0 0.0838081
0 0 0.0837876
0 0 0.0837545
0 0 0.0836518
0 0 0.0834305
0 0 0.0832109
0 0 0.0831569
0 0 0.0830827
0 0 0.0829124
0 0 0.0826533
0 0 0.0825482
0 0 0.0823219
0 0 0.0822816
0 0 0.0818955
0 0 0.0816587
0 0 0.0816505
0 0 0.0811762
0 0 0.0810351
0 0 0.0809967
0 0 0.0809891
0 0 0.0808392
0 0 0.0807744
0 0 0.0807606
0 0 0.0807398
0 0 0.0805426
0 0 0.0804313
0 0 0.0802644
0 0 0.0799493
0 0 0.0799452
0 0 0.0797077
0 0 0.079406
0 0 0.0793748
0 0 0.0789941
0 0 0.0789191
0 0 0.0788675
0 0 0.0788171
0 0 0.0786664
0 0 0.0784625
0 0 0.0783255
0 0 0.078027
0 0 0.0777327
0 0 0.0776408
0 0 0.0775002
0 0 0.0774562
0 0 0.0773715
0 0 0.0773074
0 0 0.0767975
0 0 0.0764982
0 0 0.076449
0 0 0.0763506
0 0 0.0759976
0 0 0.0759768
0 0 0.0756624
0 0 0.0756537
0 0 0.0754487
0 0 0.0754455
0 0 0.0750185
0 0 0.0749552
0 0 0.0748458
0 0 0.0745889
0 0 0.0742713
0 0 0.0741175
0 0 0.0740163
0 0 0.0739261
0 0 0.0736921
0 0 0.073275
0 0 0.0729692
0 0 0.0729509
0 0 0.0728879
0 0 0.0726804
0 0 0.0725887
0 0 0.0723784
0 0 0.0722374
0 0 0.0721626
0 0 0.0720765
0 0 0.0715186
0 0 0.0712876
0 0 0.071184
0 0 0.071146
0 0 0.0709895
0 0 0.0709887
0 0 0.0707647
0 0 0.0707282
0 0 0.0706697
0 0 0.0705756
0 0 0.0705296
0 0 0.0704899
0 0 0.0702962
0 0 0.070181
0 0 0.0700366
0 0 0.0696925
0 0 0.0695046
0 0 0.0693153
0 0 0.0692705
0 0 0.0688583
0 0 0.0687554
0 0 0.0685821
0 0 0.0685525
0 0 0.0685412
0 0 0.0683233
0 0 0.0682844
0 0 0.067073
0 0 0.066695
0 0 0.0660153
0 0 0.0659054
0 0 0.0656233
0 0 0.0654754
0 0 0.0653005
0 0 0.0650406
0 0 0.0648956
0 0 0.0647398
0 0 0.0640686
0 0 0.0635555
0 0 0.0627673
0 0 0.0625724
0 0 0.0621047
0 0 0.0620673
0 0 0.061859
0 0 0.0611496
0 0 0.0592965
0 0 0.0584015
0 0 0.0569394
0 0 0.0538901
1 0.452807 0.504077
1 0.229799 0.279835
0 0 0.0492179
1 0.238675 0.276161
1 0.144021 0.172747
1 0.276395 0.302595
1 0.274567 0.297363
1 0.128218 0.149882
1 0.120529 0.141508
1 0.09953 0.117583
1 0.126047 0.144096
1 0.109328 0.127297
1 0.223836 0.241304
1 0.0824485 0.0999045
1 0.0857318 0.103108
1 0.091873 0.109023
1 0.081873 0.0986659
2 0.14163 0.157239
1 0.586175 0.601692
1 0.232466 0.247547
1 0.126082 0.140961
1 0.0953693 0.109714
1 0.0787773 0.0930301
1 0.0856442 0.0998654
1 0.109489 0.123438
1 0.607428 0.620877
1 0.0793575 0.092097
1 0.0820758 0.0946367
1 0.112445 0.124989
1 0.117499 0.129873
1 0.0708681 0.0831263
1 0.0784173 0.0906412
1 0.113325 0.125422
1 0.252227 0.264091
1 0.153586 0.165342
1 0.0892063 0.100192
1 0.0872729 0.0982388
1 0.111601 0.122497
1 0.119703 0.130495
1 0.135208 0.145948
1 0.11287 0.123605
1 0.0992435 0.10969
1 0.113412 0.123846
1 0.167774 0.178197
1 0.0924467 0.102844
2 0.101598 0.111398
1 0.123709 0.133433
1 0.105804 0.115512
1 0.108574 0.118215
1 0.0957003 0.104754
1 0.0976395 0.106678
1 0.0817668 0.0907479
1 0.0884521 0.0974314
1 0.090778 0.0997211
1 0.101035 0.109953
1 0.0916446 0.100333
1 0.0903884 0.0987724
1 0.0929918 0.101372
1 0.105686 0.11406
2 0.0980798 0.106337
1 0.105866 0.114039
1 0.104813 0.112971
1 0.0875705 0.0956036
1 0.101787 0.109819
1 0.119987 0.128007
2 0.101293 0.109273
1 0.0925253 0.100266
1 0.102218 0.109953
1 0.0895654 0.0972594
1 0.0914574 0.0991463
1 0.133274 0.140961
1 0.129348 0.136906
1 0.0920291 0.0994289
1 0.157412 0.164696
1 0.129997 0.137227
1 0.0866608 0.0938318
1 0.19909 0.206153
1 0.0960278 0.103065
1 0.0850135 0.0919943
2 0.100835 0.107803
1 0.0937337 0.100682
1 0.08268 0.0896236
2 0.101534 0.108427
1 0.139066 0.145949
1 0.166332 0.173182
1 0.0792464 0.0860803
1 0.0970412 0.10384
1 0.0909918 0.0977007
1 0.0763104 0.0829602
1 0.0779325 0.084513
1 0.0782407 0.0847261
1 0.267202 0.273657
2 0.132514 0.138889
1 0.0966488 0.103023
1 0.0938579 0.100117
1 0.09138 0.0975707
1 0.17705 0.183173
1 0.0911213 0.0972076
2 0.101992 0.10801
1 0.0982306 0.104203
1 0.0883947 0.0943569
2 0.107253 0.113196
2 0.100173 0.105944
1 0.0839987 0.0897324
1 0.102565 0.108266
1 0.0876398 0.0932879
1 0.0989269 0.104538
2 0.115971 0.121537
1 0.0981613 0.103686
1 0.114416 0.119922
1 0.104484 0.109977
1 0.0942511 0.099699
1 0.0989552 0.104368
1 0.16162 0.167022
2 0.100161 0.105503
1 0.0965681 0.101876
1 0.112808 0.117965
1 0.115811 0.120956
1 0.10892 0.114039
1 0.150576 0.15568
1 0.089913 0.0950058
1 0.0925192 0.0975461
1 0.0856296 0.0904922
1 0.0931281 0.0979639
2 0.106867 0.111589
1 0.10063 0.105307
1 0.0927801 0.0973963
1 0.114624 0.119201
1 0.0836748 0.088221
1 0.0884217 0.0929671
1 0.104569 0.109082
1 0.155047 0.15954
1 0.13679 0.141263
1 0.0836863 0.0881495
1 0.12328 0.127706
1 0.0858304 0.0901665
1 0.0967241 0.10106
1 0.101219 0.105476
1 0.0885068 0.0927492
1 0.283014 0.287184
2 0.103108 0.107269
1 0.0846005 0.0887252
1 0.110711 0.114826
1 0.0941514 0.098198
1 0.0825941 0.0866401
1 0.0989455 0.102915
1 0.0933643 0.0972419
1 0.0928298 0.0966878
1 0.0782024 0.0819194
2 0.100306 0.104006
2 0.101998 0.105603
1 0.120763 0.124342
1 0.152163 0.155732
1 0.0902884 0.0938211
1 0.10646 0.109977
1 0.0937375 0.097237
1 0.14639 0.149882
2 0.124574 0.128063
1 0.0957283 0.0991911
2 0.133081 0.13652
2 0.103365 0.106769
2 0.11814 0.121537
2 0.108713 0.112021
1 0.0947028 0.097999
1 0.110107 0.113293
1 0.120252 0.123438
2 0.107478 0.110565
1 0.0933485 0.0963983
1 0.104494 0.107543
1 0.101031 0.104056
1 0.101164 0.104141
1 0.0969087 0.0998654
2 0.102245 0.105198
1 0.0962904 0.0992263
2 0.127563 0.130357
1 0.186735 0.189484
1 0.107266 0.110001
1 0.109643 0.112377
1 0.0947522 0.0973963
1 0.215906 0.218516
1 0.0992972 0.101906
2 0.0941193 0.0966952
1 0.10321 0.105759
1 0.0882158 0.0907402
1 0.10871 0.111197
1 0.0913917 0.093863
1 0.0905077 0.092867
1 0.0919785 0.0943334
1 0.0747941 0.0771467
1 0.166453 0.168801
2 0.104583 0.106893
1 0.0753311 0.0776269
1 0.0993632 0.101659
1 0.0936189 0.0959117
1 0.0949896 0.0972731
1 0.0933926 0.0956742
2 0.103283 0.105503
1 0.11158 0.113724
2 0.105445 0.10757
1 0.0997531 0.10187
2 0.111622 0.113735
1 0.10086 0.102908
1 0.0960209 0.0980633
1 0.101316 0.10333
2 0.108873 0.110852
1 0.101612 0.103536
1 0.0832572 0.0851814
2 0.10646 0.108323
2 0.107197 0.109051
1 0.136475 0.1383
2 0.117722 0.119536
1 0.0949503 0.0967633
2 0.116068 0.117853
1 0.0847047 0.086474
2 0.105663 0.107373
1 0.123777 0.125413
1 0.0973994 0.0990324
1 0.120337 0.121935
1 0.0944202 0.0960015
2 0.130763 0.132329
1 0.116947 0.118468
1 0.0965787 0.0980798
2 0.105843 0.107327
2 0.109532 0.111016
1 0.0913863 0.0928535
1 0.0827653 0.0841603
1 0.0935203 0.0948812
1 0.110804 0.112164
2 0.110191 0.111469
2 0.118595 0.119846
2 0.0995458 0.100741
2 0.112763 0.113926
1 0.0921692 0.0933113
2 0.104047 0.105165
2 0.110228 0.111238
1 0.108195 0.109183
1 0.0939455 0.0948812
1 0.150716 0.151642
1 0.0916996 0.0926145
2 0.106384 0.107283
1 0.0991933 0.100092
2 0.100473 0.101366
1 0.11257 0.113458
1 0.101617 0.102392
1 0.0911011 0.0918547
2 0.126868 0.127619
1 0.11366 0.114384
1 0.100268 0.100989
2 0.112164 0.112884
1 0.107316 0.108003
1 0.0908842 0.0915635
1 0.414542 0.415221
2 0.109845 0.110516
1 0.107971 0.108634
2 0.102501 0.103136
2 0.104154 0.104748
1 0.154763 0.155342
1 0.0968946 0.0974514
2 0.0957282 0.0962389
2 0.0957282 0.0962389
1 0.0998342 0.100335
2 0.108586 0.109051
1 0.10927 0.10973
1 0.106809 0.107253
2 0.104899 0.105331
1 0.116214 0.116641
1 0.0959806 0.0963983
2 0.103458 0.103864
2 0.105794 0.106194
2 0.106887 0.107283
1 0.0799754 0.0803624
1 0.0745192 0.074892
2 0.106914 0.107283
2 0.110533 0.110895
1 0.0970035 0.0973608
2 0.104824 0.105139
1 0.0963385 0.096645
2 0.112642 0.112884
1 0.0986794 0.0989124
1 0.0819873 0.082202
2 0.111606 0.111799
2 0.110561 0.110726
2 0.112743 0.112842
2 0.101906 0.101999
1 0.216693 0.216772
1 0.096277 0.0963126
1 0.107099 0.107122
2 0.100179 0.100191
