0 0 inf
0 0 inf
0 0 inf
0 0 0.660934
0 0 0.594276
0 0 0.556989
0 0 0.511289
0 0 0.465756
0 0 0.449503
0 0 0.441653
0 0 0.410894
0 0 0.407789
0 0 0.379898
0 0 0.370724
0 0 0.36737
0 0 0.332114
0 0 0.323635
0 0 0.313457
0 0 0.311687
0 0 0.300137
0 0 0.291726
0 0 0.290345
0 0 0.284935
0 0 0.283901
0 0 0.280692
0 0 0.278143
0 0 0.27443
0 0 0.273149
0 0 0.272559
0 0 0.271882
0 0 0.271489
0 0 0.270365
0 0 0.270008
0 0 0.263208
0 0 0.261785
0 0 0.261064
0 0 0.258002
0 0 0.257419
0 0 0.255671
0 0 0.25078
0 0 0.249951
0 0 0.246517
0 0 0.245707
0 0 0.244277
0 0 0.242933
0 0 0.23689
0 0 0.235369
0 0 0.233099
0 0 0.232977
0 0 0.23172
0 0 0.231536
0 0 0.224228
0 0 0.220752
0 0 0.2206
0 0 0.218035
0 0 0.216296
0 0 0.215857
0 0 0.213483
0 0 0.209663
0 0 0.209286
0 0 0.209098
0 0 0.208737
0 0 0.205885
0 0 0.202826
0 0 0.202429
0 0 0.201732
0 0 0.200469
0 0 0.199572
0 0 0.198432
0 0 0.198286
0 0 0.196674
0 0 0.196162
0 0 0.1957
0 0 0.194788
0 0 0.194084
0 0 0.190192
0 0 0.189761
0 0 0.186544
0 0 0.185186
0 0 0.185081
0 0 0.184667
0 0 0.182795
0 0 0.182157
0 0 0.18208
0 0 0.17909
0 0 0.178184
0 0 0.178126
0 0 0.177028
0 0 0.176835
0 0 0.176708
0 0 0.176437
0 0 0.175614
0 0 0.174297
0 0 0.172495
0 0 0.172455
0 0 0.172402
0 0 0.171337
0 0 0.170456
0 0 0.168989
0 0 0.166869
0 0 0.166795
0 0 0.165363
0 0 0.16492
0 0 0.164458
0 0 0.164353
0 0 0.164095
0 0 0.163222
0 0 0.163105
0 0 0.16306
0 0 0.16306
0 0 0.161847
0 0 0.160599
0 0 0.159733
0 0 0.159544
0 0 0.158044
0 0 0.157798
0 0 0.155992
0 0 0.153464
0 0 0.153425
0 0 0.152683
0 0 0.152561
0 0 0.152047
0 0 0.150276
0 0 0.149093
0 0 0.148995
0 0 0.147346
0 0 0.145964
0 0 0.145381
0 0 0.144924
0 0 0.144518
0 0 0.144215
0 0 0.143311
0 0 0.142429
0 0 0.14168
0 0 0.141663
0 0 0.141318
0 0 0.141145
0 0 0.141046
0 0 0.140838
0 0 0.14056
0 0 0.13956
0 0 0.138722
0 0 0.136848
0 0 0.135489
0 0 0.135383
0 0 0.134253
0 0 0.134248
0 0 0.134229
0 0 0.132615
0 0 0.132578
0 0 0.13256
0 0 0.131696
0 0 0.131612
0 0 0.130586
0 0 0.12922
0 0 0.128627
0 0 0.128571
0 0 0.128523
0 0 0.127804
0 0 0.126529
0 0 0.125911
0 0 0.125466
0 0 0.124126
0 0 0.123571
0 0 0.123545
0 0 0.122982
0 0 0.120829
0 0 0.120289
0 0 0.120092
0 0 0.119884
0 0 0.119013
0 0 0.11737
0 0 0.117079
0 0 0.11629
0 0 0.116037
0 0 0.115558
0 0 0.11548
0 0 0.115401
0 0 0.11522
0 0 0.115086
0 0 0.114188
0 0 0.114117
0 0 0.113798
0 0 0.113243
0 0 0.113053
0 0 0.112694
0 0 0.112308
0 0 0.112247
0 0 0.111666
0 0 0.111163
0 0 0.111042
0 0 0.110999
0 0 0.110829
0 0 0.110722
0 0 0.110606
0 0 0.110402
0 0 0.109292
0 0 0.109123
0 0 0.109072
0 0 0.108987
0 0 0.108908
0 0 0.108544
0 0 0.107725
0 0 0.107599
0 0 0.107531
0 0 0.107124
0 0 0.106868
0 0 0.106138
0 0 0.106055
0 0 0.106012
0 0 0.105597
0 0 0.105358
0 0 0.10521
0 0 0.105134
0 0 0.104851
0 0 0.104704
0 0 0.104246
0 0 0.104116
0 0 0.103958
0 0 0.103957
0 0 0.103744
0 0 0.103364
0 0 0.103301
0 0 0.103209
0 0 0.103196
0 0 0.10198
0 0 0.101843
0 0 0.101819
0 0 0.101572
0 0 0.101568
0 0 0.101196
0 0 0.100845
0 0 0.100629
0 0 0.100323
0 0 0.100254
0 0 0.100055
0 0 0.0994652
0 0 0.0993923
0 0 0.098878
0 0 0.098832
0 0 0.0982215
0 0 0.0975852
0 0 0.0975021
0 0 0.0971946
0 0 0.0971348
0 0 0.0969218
0 0 0.0969181
0 0 0.0968139
0 0 0.0960164
0 0 0.0955627
0 0 0.0952957
0 0 0.0952867
0 0 0.0950556
0 0 0.0950182
0 0 0.0949827
0 0 0.0945857
0 0 0.0943303
0 0 0.0942932
0 0 0.0941061
0 0 0.0940091
0 0 0.0939737
0 0 0.0937673
0 0 0.0936891
0 0 0.0936379
0 0 0.0935761
0 0 0.0934943
0 0 0.0934352
0 0 0.0934118
0 0 0.0932266
0 0 0.0930935
0 0 0.0929339
0 0 0.0928482
0 0 0.0928321
0 0 0.0926594
0 0 0.0924946
0 0 0.0920928
0 0 0.0917376
0 0 0.0916833
0 0 0.0914662
0 0 0.0910594
0 0 0.0908523
0 0 0.0908189
0 0 0.0907041
0 0 0.0906383
0 0 0.0905487
0 0 0.0904002
0 0 0.0903221
0 0 0.0898173
0 0 0.0897299
0 0 0.0895351
0 0 0.089386
0 0 0.0893567
0 0 0.0893211
0 0 0.0888597
0 0 0.0888311
0 0 0.0882685
0 0 0.0878218
0 0 0.0876998
0 0 0.0876406
0 0 0.0876041
0 0 0.0874472
0 0 0.0873158
0 0 0.0872815
0 0 0.0872685
0 0 0.087069
0 0 0.0868667
0 0 0.0868285
0 0 0.0867784
0 0 0.0867157
0 0 0.0859353
0 0 0.0858516
0 0 0.0852846
0 0 0.0850397
0 0 0.0850098
0 0 0.0845874
0 0 0.0842751
0 0 0.0840896
0 0 0.0839121
0 0 0.0838943
0 0 0.0837794
0 0 0.083729
0 0 0.0836995
0 0 0.0835651
0 0 0.083424
0 0 0.0834043
0 0 0.0831221
0 0 0.08285
0 0 0.0827565
0 0 0.0825674
0 0 0.0825462
0 0 0.0825367
0 0 0.0824443
0 0 0.0824184
0 0 0.0823535
0 0 0.0821055
0 0 0.0818952
0 0 0.0818574
0 0 0.0818277
0 0 0.0814294
0 0 0.0809262
0 0 0.0804136
0 0 0.0802233
0 0 0.0801632
0 0 0.0800514
0 0 0.0799237
0 0 0.0798413
0 0 0.0795606
0 0 0.0791683
0 0 0.0790078
0 0 0.078706
0 0 0.0783389
0 0 0.0781552
0 0 0.0780414
0 0 0.0780111
0 0 0.0775805
0 0 0.0773852
0 0 0.0762582
0 0 0.076242
0 0 0.0759655
0 0 0.0759364
0 0 0.0758475
0 0 0.0755284
0 0 0.075454
0 0 0.075364
0 0 0.0752092
0 0 0.0750847
0 0 0.0749746
0 0 0.0746756
0 0 0.0745556
0 0 0.0741694
0 0 0.0740937
0 0 0.0737658
0 0 0.0734509
0 0 0.0729375
0 0 0.0724123
0 0 0.0722232
0 0 0.0722105
0 0 0.0719806
0 0 0.0716617
0 0 0.0713634
0 0 0.0710429
0 0 0.0709445
0 0 0.0702283
0 0 0.0701654
0 0 0.0696769
0 0 0.0695973
0 0 0.0692595
0 0 0.0686024
0 0 0.0678845
0 0 0.0653664
0 0 0.0653383
0 0 0.0652668
0 0 0.0647263
0 0 0.0639684
0 0 0.0596065
0 0 0.0595965
0 0 0.059303
0 0 0.0590123
0 0 0.0577429
0 0 0.0561719
1 0.220134 0.267696
1 0.219686 0.265652
1 0.224971 0.269925
1 0.625265 0.665785
1 0.530494 0.570243
1 0.212082 0.25098
2 0.290147 0.322631
1 0.204526 0.23624
1 0.284116 0.310893
1 0.103707 0.129773
1 0.312931 0.338365
1 0.216331 0.241333
1 0.223717 0.248534
1 0.164522 0.187877
1 0.116695 0.139792
1 0.285059 0.307474
1 0.10882 0.129267
1 0.18148 0.20172
1 0.113216 0.133242
1 0.234499 0.253881
1 0.233803 0.253115
1 0.105915 0.125202
1 0.113316 0.131876
1 0.328621 0.347142
1 0.20227 0.220528
1 0.177242 0.193596
1 0.228415 0.24417
1 0.254701 0.269925
1 0.0939988 0.108968
1 0.111802 0.126681
1 0.114787 0.129346
1 0.375416 0.389781
1 0.100842 0.1151
1 0.0770253 0.0911747
1 0.19147 0.205415
1 0.22297 0.236801
1 0.078752 0.0925606
1 0.0975272 0.111191
1 0.0982642 0.111875
1 0.231841 0.245129
1 0.206544 0.21954
1 0.249298 0.262218
1 0.105057 0.117628
1 0.233457 0.245946
1 0.112247 0.124727
1 0.105209 0.117663
1 0.12027 0.132553
1 0.109727 0.121697
1 0.125673 0.137603
1 0.0927786 0.104659
1 0.0880052 0.0997743
1 0.202444 0.213933
1 0.0947656 0.10606
1 0.115944 0.127163
1 0.0915693 0.102684
1 0.275342 0.286339
1 0.233389 0.24417
1 0.110876 0.121571
1 0.121917 0.132585
1 0.229614 0.240203
1 0.0765918 0.0870631
1 0.0756213 0.0860412
1 0.0805141 0.0909151
1 0.213761 0.224127
1 0.102766 0.113113
1 0.283604 0.293672
1 0.103218 0.11319
1 0.109916 0.119852
1 0.113716 0.123607
1 0.0984984 0.107949
1 0.127917 0.13708
2 0.116668 0.125747
1 0.305999 0.314979
1 0.0845179 0.0931464
1 0.0935037 0.102099
1 0.099679 0.108153
1 0.0830257 0.0914767
1 0.0940239 0.102421
1 0.0913097 0.0995322
2 0.287079 0.295188
1 0.107219 0.115222
1 0.179148 0.187128
1 0.0996831 0.107631
1 0.0796271 0.0875703
1 0.0856044 0.093473
1 0.106352 0.114162
1 0.120272 0.128063
1 0.144979 0.15256
1 0.175857 0.183387
1 0.0958933 0.1034
1 0.096344 0.103828
1 0.117777 0.125202
1 0.0964955 0.103692
1 0.0849593 0.091828
1 0.110199 0.116779
2 0.195585 0.202157
1 0.112226 0.118795
1 0.273818 0.280311
1 0.093437 0.0999069
1 0.0900932 0.0964838
1 0.146382 0.152705
1 0.125512 0.131763
1 0.102501 0.108702
1 0.105599 0.111757
1 0.144127 0.150266
1 0.117316 0.123376
1 0.0786879 0.0847312
1 0.102768 0.108702
1 0.0878264 0.093473
1 0.0862847 0.0918816
1 0.0914401 0.0969993
1 0.0971023 0.102632
1 0.095377 0.100885
1 0.119373 0.124798
1 0.082868 0.0882457
1 0.0897408 0.0949796
1 0.104168 0.109404
1 0.257051 0.262214
1 0.116504 0.121647
2 0.103842 0.10892
2 0.255368 0.260414
1 0.110042 0.114989
1 0.177785 0.182689
2 0.125704 0.130562
2 0.107207 0.112019
1 0.102866 0.107495
1 0.0960459 0.100645
1 0.116316 0.120873
2 0.103835 0.108377
2 0.0976675 0.102058
1 0.094297 0.0986721
1 0.106896 0.111255
1 0.0965492 0.1008
1 0.155318 0.159569
1 0.210987 0.215157
1 0.0987733 0.102913
2 0.137678 0.141806
1 0.168008 0.172082
2 0.107997 0.112047
2 0.111724 0.115771
1 0.0934738 0.097474
2 0.108672 0.112622
1 0.113941 0.117778
1 0.0832439 0.0870631
1 0.170082 0.173846
1 0.110612 0.114277
1 0.115644 0.119273
1 0.0808456 0.0844693
1 0.091968 0.0955626
1 0.158478 0.161974
1 0.115638 0.119021
1 0.12357 0.12687
1 0.0977648 0.101046
1 0.102926 0.106187
1 0.125108 0.128352
1 0.132059 0.135302
2 0.115717 0.118935
1 0.0897658 0.092944
1 0.219821 0.222989
1 0.129804 0.13293
1 0.109953 0.113039
1 0.100498 0.103571
1 0.0728717 0.0759347
1 0.130232 0.133273
1 0.117193 0.120212
2 0.125147 0.128128
2 0.107386 0.110331
2 0.135552 0.13848
2 0.109726 0.112622
1 0.114867 0.117663
1 0.0995944 0.102371
1 0.086031 0.0888008
2 0.107421 0.110158
1 0.0960953 0.0988055
2 0.108153 0.110749
2 0.108153 0.110749
2 0.121644 0.124237
1 0.199061 0.201642
1 0.124295 0.12687
1 0.260637 0.263212
1 0.178274 0.180817
1 0.102627 0.105146
1 0.234478 0.236947
1 0.116613 0.119057
1 0.122371 0.124799
1 0.0904835 0.092811
1 0.117566 0.119893
2 0.220577 0.22286
2 0.109628 0.111903
1 0.10525 0.107469
2 0.120616 0.122805
2 0.129531 0.131679
1 0.111624 0.113684
1 0.124685 0.126725
2 0.114406 0.116412
2 0.144909 0.14689
1 0.11665 0.118601
2 0.135707 0.137645
1 0.122853 0.124785
1 0.0930659 0.0949796
2 0.136248 0.138157
1 0.0886452 0.0905426
2 0.118623 0.120518
2 0.100561 0.10241
2 0.0870631 0.0888898
1 0.117759 0.119529
1 0.105288 0.107005
1 0.118944 0.120634
2 0.0927182 0.0943634
1 0.113813 0.115441
2 0.111755 0.113379
1 0.107782 0.109404
2 0.134951 0.13657
2 0.0975245 0.0990934
2 0.134836 0.136344
1 0.198305 0.199778
1 0.206702 0.208125
1 0.0969747 0.098391
1 0.0933466 0.0947501
1 0.0956427 0.0969993
2 0.144176 0.145482
1 0.105472 0.106772
1 0.101211 0.102499
1 0.103948 0.105212
1 0.0908668 0.0921178
1 0.101235 0.102468
2 0.135211 0.136439
2 0.116227 0.117423
2 0.125615 0.126799
2 0.131763 0.132918
2 0.135207 0.136344
1 0.0943694 0.0954978
1 0.278079 0.279204
1 0.375124 0.376248
1 0.0862732 0.087382
2 0.13341 0.134513
2 0.133301 0.134392
1 0.0849745 0.0860412
2 0.134816 0.135794
1 0.116049 0.117026
1 0.0858595 0.0868209
2 0.162058 0.162982
2 0.0961281 0.0970446
2 0.135861 0.136764
1 0.109754 0.11063
2 0.102942 0.103759
2 0.132836 0.13364
2 0.0881131 0.0888898
1 0.133206 0.133835
1 0.102907 0.103494
1 0.10451 0.105081
1 0.10885 0.109404
2 0.10822 0.10875
1 0.141494 0.141953
2 0.115352 0.115788
1 0.0886476 0.0889986
1 0.0931951 0.093473
1 0.118642 0.118887
2 0.140316 0.140558
2 0.106177 0.106419
2 0.10223 0.102468
2 0.112925 0.113157
2 0.104769 0.104993
2 0.125675 0.125862
1 0.130972 0.131154
2 0.135457 0.135607
2 0.0921178 0.0922519
1 0.0806232 0.0807497
2 0.0932011 0.0933004
2 0.0948526 0.0949249
2 0.111933 0.111964
1 0.103014 0.103021
