0 0 inf
0 0 0.597186
0 0 0.568852
0 0 0.566881
0 0 0.545634
0 0 0.501512
0 0 0.475903
0 0 0.471319
0 0 0.466516
0 0 0.466433
0 0 0.445929
0 0 0.422446
0 0 0.42073
0 0 0.393641
0 0 0.379203
0 0 0.344643
0 0 0.323922
0 0 0.315577
0 0 0.312683
0 0 0.311947
0 0 0.305686
0 0 0.299636
0 0 0.283466
0 0 0.262203
0 0 0.258486
0 0 0.258427
0 0 0.257941
0 0 0.243174
0 0 0.235776
0 0 0.231396
0 0 0.230658
0 0 0.230299
0 0 0.229073
0 0 0.224166
0 0 0.224014
0 0 0.21908
0 0 0.216042
0 0 0.214919
0 0 0.21277
0 0 0.211246
0 0 0.210057
0 0 0.208592
0 0 0.204667
0 0 0.203226
0 0 0.200266
0 0 0.200248
0 0 0.199382
0 0 0.196621
0 0 0.194559
0 0 0.191289
0 0 0.191082
0 0 0.190794
0 0 0.187579
0 0 0.184732
0 0 0.181658
0 0 0.181589
0 0 0.179923
0 0 0.178979
0 0 0.175129
0 0 0.174573
0 0 0.174135
0 0 0.173447
0 0 0.173311
0 0 0.171728
0 0 0.168715
0 0 0.168208
0 0 0.167465
0 0 0.165893
0 0 0.164123
0 0 0.162231
0 0 0.162064
0 0 0.161571
0 0 0.16083
0 0 0.15794
0 0 0.154269
0 0 0.151489
0 0 0.149999
0 0 0.149534
0 0 0.148388
0 0 0.147775
0 0 0.147254
0 0 0.146554
0 0 0.14531
0 0 0.14475
0 0 0.139149
0 0 0.138395
0 0 0.138384
0 0 0.138281
0 0 0.137819
0 0 0.135401
0 0 0.132988
0 0 0.131855
0 0 0.129744
0 0 0.128985
0 0 0.128639
0 0 0.12751
0 0 0.1275
0 0 0.127079
0 0 0.123234
0 0 0.121078
0 0 0.120159
0 0 0.11911
0 0 0.117402
0 0 0.116795
0 0 0.116575
0 0 0.110768
0 0 0.110595
0 0 0.110068
0 0 0.109861
0 0 0.109425
0 0 0.108955
0 0 0.108694
0 0 0.107995
0 0 0.106075
0 0 0.105567
0 0 0.105338
0 0 0.104165
0 0 0.103939
0 0 0.102818
0 0 0.101704
0 0 0.100874
0 0 0.100139
0 0 0.10005
0 0 0.0997855
0 0 0.0991864
0 0 0.0991534
0 0 0.0990423
0 0 0.099019
0 0 0.0988517
0 0 0.0987418
0 0 0.0976092
0 0 0.0966069
0 0 0.0961968
0 0 0.0960451
0 0 0.0958783
0 0 0.0956152
0 0 0.0953973
0 0 0.0943566
0 0 0.0942984
0 0 0.094016
0 0 0.0939151
0 0 0.0935407
0 0 0.0933366
0 0 0.0927205
0 0 0.09246
0 0 0.0923204
0 0 0.0918504
0 0 0.0905816
0 0 0.0900237
0 0 0.0898939
0 0 0.0897978
0 0 0.0892326
0 0 0.0888035
0 0 0.0885619
0 0 0.0882289
0 0 0.0881813
0 0 0.0881751
0 0 0.08796
0 0 0.0878454
0 0 0.0875922
0 0 0.087553
0 0 0.0873073
0 0 0.0872139
0 0 0.0868336
0 0 0.086621
0 0 0.0865734
0 0 0.086309
0 0 0.0861892
0 0 0.0860265
0 0 0.0857131
0 0 0.0855295
0 0 0.0851274
0 0 0.0846129
0 0 0.0845164
0 0 0.0840204
0 0 0.0835554
0 0 0.0835201
0 0 0.08337
0 0 0.0833409
0 0 0.0831953
0 0 0.0831953
0 0 0.0829796
0 0 0.082761
0 0 0.0827484
0 0 0.0825864
0 0 0.082535
0 0 0.0825256
0 0 0.0822954
0 0 0.0822916
0 0 0.0820785
0 0 0.0816564
0 0 0.0816481
0 0 0.0814163
0 0 0.0813797
0 0 0.0813706
0 0 0.0812348
0 0 0.0812232
0 0 0.0810901
0 0 0.0807098
0 0 0.080104
0 0 0.0800622
0 0 0.0799159
0 0 0.0798202
0 0 0.0797909
0 0 0.0797898
0 0 0.0796677
0 0 0.0795473
0 0 0.0792621
0 0 0.0789711
0 0 0.0788781
0 0 0.0787981
0 0 0.0785593
0 0 0.0785302
0 0 0.0784985
0 0 0.0784354
0 0 0.0784194
0 0 0.0784078
0 0 0.0782909
0 0 0.0780364
0 0 0.077826
0 0 0.0774562
0 0 0.0774019
0 0 0.0766724
0 0 0.0766269
0 0 0.0765704
0 0 0.0765007
0 0 0.0760356
0 0 0.0758947
0 0 0.0755737
0 0 0.0755612
0 0 0.0753106
0 0 0.0749957
0 0 0.0749031
0 0 0.0747721
0 0 0.0747546
0 0 0.0746896
0 0 0.0745733
0 0 0.0743118
0 0 0.0742972
0 0 0.0741798
0 0 0.0740182
0 0 0.0738842
0 0 0.0735178
0 0 0.073516
0 0 0.073412
0 0 0.0733672
0 0 0.0733177
0 0 0.0731977
0 0 0.0728704
0 0 0.0725501
0 0 0.0725262
0 0 0.0722288
0 0 0.0721259
0 0 0.072029
0 0 0.0720202
0 0 0.0718919
0 0 0.0716378
0 0 0.0716191
0 0 0.0716051
0 0 0.0715924
0 0 0.0715162
0 0 0.0714629
0 0 0.0714407
0 0 0.0714275
0 0 0.0713822
0 0 0.0712194
0 0 0.0712164
0 0 0.0710715
0 0 0.0709935
0 0 0.0708126
0 0 0.070759
0 0 0.0699643
0 0 0.0699177
0 0 0.0697029
0 0 0.0694472
0 0 0.0694041
0 0 0.0693206
0 0 0.0692804
0 0 0.0691898
0 0 0.0688188
0 0 0.0688004
0 0 0.0687354
0 0 0.068546
0 0 0.0684864
0 0 0.0684747
0 0 0.0683952
0 0 0.068265
0 0 0.0682119
0 0 0.068128
0 0 0.0680647
0 0 0.0680111
0 0 0.0679617
0 0 0.0679424
0 0 0.0678442
0 0 0.0676934
0 0 0.067629
0 0 0.0676263
0 0 0.0675734
0 0 0.0674129
0 0 0.0674091
0 0 0.067403
0 0 0.0673714
0 0 0.0673168
0 0 0.0670727
0 0 0.0669791
0 0 0.0667736
0 0 0.0667578
0 0 0.0665861
0 0 0.0663042
0 0 0.0662624
0 0 0.0662154
1 0.352955 0.419012
1 0.240635 0.306649
0 0 0.0656858
0 0 0.0654807
0 0 0.0653959
0 0 0.0652445
0 0 0.0651808
0 0 0.0650716
0 0 0.0644833
0 0 0.0642471
0 0 0.0640464
0 0 0.0639012
0 0 0.0637862
0 0 0.0637472
0 0 0.0635792
0 0 0.0631364
0 0 0.0628169
0 0 0.0627321
0 0 0.0626863
0 0 0.0622826
0 0 0.0621419
0 0 0.0621239
0 0 0.0619881
1 0.588267 0.650235
0 0 0.0615549
0 0 0.0612332
0 0 0.0609142
0 0 0.0608463
0 0 0.0608164
0 0 0.0608028
0 0 0.0607571
0 0 0.0607552
0 0 0.060742
0 0 0.0607302
0 0 0.0604937
0 0 0.0604838
0 0 0.0604581
0 0 0.0603546
0 0 0.059919
0 0 0.0598479
0 0 0.0598139
0 0 0.0595121
0 0 0.0595098
0 0 0.0592602
0 0 0.0591261
0 0 0.0589764
0 0 0.058976
0 0 0.0584806
0 0 0.05843
0 0 0.0583657
0 0 0.0578556
0 0 0.057791
0 0 0.0575738
0 0 0.057084
0 0 0.0569831
0 0 0.0567825
0 0 0.0567429
0 0 0.0567225
0 0 0.0564399
0 0 0.0560518
0 0 0.0556106
0 0 0.0556018
0 0 0.0554102
0 0 0.0551792
0 0 0.0550757
0 0 0.0549476
0 0 0.054933
0 0 0.0544743
0 0 0.0542584
0 0 0.0541641
0 0 0.0541143
0 0 0.0539667
0 0 0.0531013
0 0 0.0530871
0 0 0.052992
0 0 0.0527021
0 0 0.0525698
0 0 0.0521869
0 0 0.0521467
0 0 0.05204
0 0 0.0513993
0 0 0.0510574
0 0 0.0490033
0 0 0.0489831
0 0 0.0486316
0 0 0.0484689
0 0 0.0469722
0 0 0.0465152
0 0 0.0453548
0 0 0.0445604
0 0 0.0428105
0 0 0.0417494
1 0.209494 0.250372
1 0.315 0.348549
1 0.297286 0.329963
1 0.254317 0.284028
1 0.32507 0.35341
1 0.486819 0.513976
1 0.23677 0.262884
1 0.40995 0.43379
1 0.388346 0.411282
1 0.143159 0.162932
1 0.118179 0.136752
1 0.536585 0.555024
1 0.0803266 0.0979618
1 0.0743016 0.0915351
1 0.0896407 0.105798
1 0.0969827 0.112979
1 0.0908417 0.106762
1 0.0985042 0.114205
1 0.121591 0.137182
1 0.251672 0.266654
1 0.0801833 0.094868
1 0.082987 0.097482
1 0.083021 0.097278
1 0.0833702 0.0969572
1 0.077772 0.091169
1 0.0928159 0.105058
1 0.0770659 0.0892532
1 0.327908 0.33991
1 0.0839734 0.0959162
1 0.0771377 0.0890599
1 0.210452 0.222354
1 0.0889037 0.100775
1 0.0947549 0.106365
1 0.0967695 0.1083
1 0.0919455 0.10269
1 0.069919 0.0806138
1 0.0862682 0.0969012
2 0.226088 0.236711
1 0.07903 0.0894984
1 0.0768612 0.0872963
1 0.0821374 0.0925669
1 0.104218 0.114582
1 0.0724648 0.0823371
1 0.0849136 0.0947804
1 0.0798065 0.0890969
1 0.0680049 0.0771432
1 0.0872323 0.0963335
1 0.0890454 0.0979598
1 0.0972898 0.106204
1 0.0682401 0.0771268
1 0.0805066 0.0892103
1 0.0929611 0.101648
1 0.0964243 0.10496
1 0.167663 0.176079
1 0.0700584 0.0784674
1 0.0885712 0.0969727
1 0.0964276 0.104821
1 0.0865919 0.0949557
1 0.11077 0.119074
1 0.0948024 0.103088
1 0.0778262 0.0860332
1 0.0997491 0.107874
1 0.102431 0.110422
1 0.0657942 0.0737716
1 0.0666681 0.0746306
1 0.0652517 0.0730823
1 0.0850486 0.0928608
1 0.103922 0.111611
1 0.0825356 0.0902152
1 0.141956 0.14962
1 0.07017 0.0775883
1 0.0806122 0.087876
1 0.0880774 0.0953104
1 0.0782491 0.0853819
1 0.0787023 0.0857637
2 0.106787 0.113839
1 0.0714873 0.0783493
1 0.0887026 0.0955534
1 0.196721 0.203569
1 0.0825267 0.0892451
1 0.0812164 0.0879293
1 0.144557 0.151268
1 0.263647 0.270304
1 0.0914189 0.0979598
1 0.105109 0.111649
1 0.0886339 0.095108
1 0.0812667 0.0877128
1 0.0648785 0.0712286
1 0.0748434 0.0811886
2 0.0983296 0.104626
2 0.112119 0.11833
1 0.0818283 0.0879898
1 0.0731356 0.0792709
1 0.107414 0.113497
1 0.209813 0.215884
1 0.171387 0.177458
2 0.118124 0.124102
1 0.067673 0.073614
2 0.107408 0.113253
1 0.0644361 0.0702773
2 0.0912343 0.0970545
1 0.103262 0.109065
1 0.0949255 0.100726
1 0.0678192 0.0735727
1 0.0685769 0.0742513
2 0.0776833 0.0831864
1 0.194902 0.200388
1 0.0589631 0.0644359
1 0.103744 0.109065
2 0.0994026 0.104712
1 0.0826563 0.0879235
1 0.220678 0.225915
2 0.0977434 0.102917
1 0.0684432 0.073614
1 0.0743275 0.0794806
1 0.0976744 0.102778
1 0.0766407 0.0817365
2 0.110995 0.116078
1 0.0785243 0.0835513
1 0.0878712 0.0928472
1 0.126987 0.131934
1 0.109614 0.114541
1 0.0794297 0.0843311
1 0.0920353 0.0969043
1 0.102533 0.107371
1 0.0860783 0.0909028
1 0.0784335 0.0831749
1 0.0849394 0.0896732
1 0.0958046 0.100467
1 0.0984906 0.103121
1 0.0954983 0.100119
1 0.104245 0.10881
1 0.158499 0.162984
1 0.0904713 0.0949557
1 0.0659382 0.0703533
1 0.0959363 0.100242
1 0.0684039 0.0725487
1 0.0631105 0.0671668
2 0.0864396 0.0904118
2 0.083728 0.0876563
1 0.0879372 0.0918149
1 0.0801338 0.083967
1 0.0766329 0.0804462
2 0.0801816 0.0839826
1 0.0831135 0.0868776
1 0.0988345 0.102585
2 0.10934 0.113081
1 0.104606 0.108309
1 0.0826542 0.0863465
1 0.0666663 0.0702773
1 0.0716289 0.0752287
1 0.0712381 0.0747949
1 0.119922 0.123461
1 0.07462 0.0780261
1 0.0904933 0.0938887
2 0.0912036 0.0945396
1 0.0835985 0.0868862
1 0.0673872 0.0706436
1 0.170597 0.173839
1 0.0924806 0.0956736
2 0.113795 0.116976
2 0.0984213 0.101585
2 0.0794806 0.0826381
2 0.113795 0.116869
2 0.093055 0.0961071
1 0.0629648 0.0659379
1 0.0773975 0.080319
1 0.0691693 0.0719581
1 0.0849875 0.0877609
1 0.0996721 0.102416
2 0.117024 0.119761
1 0.117552 0.12025
1 0.127505 0.13018
1 0.0740268 0.0766718
2 0.0978679 0.100447
2 0.113032 0.115526
2 0.135618 0.138048
1 0.0910498 0.0934613
1 0.0750943 0.0774824
1 0.0679976 0.0703533
1 0.111618 0.113968
1 0.101939 0.104245
2 0.176079 0.178368
2 0.0879333 0.0901932
2 0.106366 0.108615
2 0.086391 0.0886244
1 0.0788584 0.0810723
1 0.0758146 0.0780261
1 0.0917232 0.0939287
1 0.0988666 0.101
1 0.0845649 0.0866865
1 0.102084 0.104092
2 0.12123 0.123192
1 0.0836315 0.0855673
2 0.106332 0.108267
1 0.0768486 0.0787749
1 0.0922385 0.094123
1 0.0958081 0.0976739
1 0.0801728 0.0820246
1 0.0885892 0.0904161
1 0.107195 0.109019
2 0.110649 0.112461
1 0.075843 0.077626
1 0.109675 0.111457
1 0.110555 0.112335
2 0.111472 0.11325
1 0.0786191 0.080319
1 0.0931749 0.094868
2 0.0822511 0.0839079
1 0.0701163 0.071737
1 0.0757391 0.0773382
1 0.0824485 0.0840149
1 0.0850969 0.0866507
1 0.0929342 0.0944857
2 0.118894 0.12044
2 0.0965736 0.0981197
1 0.0809969 0.0825347
2 0.0868862 0.0884146
1 0.096449 0.0979643
1 0.0631926 0.0647062
1 0.0678543 0.0693459
1 0.075909 0.0773866
1 0.254793 0.25626
1 0.0851994 0.0866661
1 0.0906303 0.0920835
2 0.102381 0.103826
2 0.0968815 0.0982899
1 0.103898 0.105295
2 0.0812457 0.0826381
1 0.0622953 0.0636721
1 0.104818 0.106156
2 0.112534 0.113865
2 0.106084 0.107409
2 0.081768 0.0830792
1 0.0865368 0.0878324
2 0.112119 0.11341
1 0.0834683 0.0847254
1 0.0848159 0.0860689
2 0.0972004 0.0984482
2 0.0890599 0.0902855
1 0.0690006 0.0702108
1 0.0697404 0.0709506
1 0.107158 0.108363
1 0.141845 0.142982
2 0.0753574 0.0764833
1 0.065025 0.0661432
1 0.100221 0.10132
2 0.102856 0.103922
1 0.0665658 0.0676008
1 0.119123 0.120149
1 0.0757418 0.0767552
1 0.0768507 0.0778422
2 0.178484 0.179465
1 0.0762286 0.0772091
1 0.0942874 0.0952187
2 0.0892367 0.0901605
1 0.0721276 0.0730456
2 0.0918688 0.0927749
2 0.0894984 0.0903851
2 0.091596 0.0924811
1 0.0688404 0.0696714
1 0.0837375 0.0845161
1 0.0917088 0.0924586
2 0.087007 0.0877472
1 0.0768871 0.0776164
2 0.0875158 0.0881829
2 0.0987315 0.099371
1 0.0733734 0.0739792
1 0.0937812 0.0943544
1 0.0948688 0.0954364
1 0.0667985 0.0673004
2 0.0801145 0.0806031
1 0.0745421 0.0750227
1 0.0788191 0.0792709
1 0.0842489 0.0846826
1 0.0860439 0.0864431
2 0.128692 0.129084
1 0.0892151 0.0895999
1 0.0801224 0.0805029
2 0.0942454 0.0946194
1 0.147835 0.148203
2 0.109261 0.109601
1 0.10399 0.10431
1 0.094915 0.095227
1 0.0872739 0.0875667
1 0.0797669 0.080024
2 0.106871 0.107127
1 0.0763417 0.0765724
2 0.113246 0.113464
1 0.168135 0.168352
2 0.107404 0.107587
2 0.123468 0.123603
2 0.0766718 0.0767938
1 0.0981994 0.0982694
1 0.0848898 0.0849543
1 0.0816691 0.0817144
