0 0 inf
0 0 0.78747
0 0 0.65166
0 0 0.588564
0 0 0.577036
0 0 0.529895
0 0 0.52261
0 0 0.519555
0 0 0.506973
0 0 0.494179
0 0 0.455725
0 0 0.431595
0 0 0.429943
0 0 0.427614
0 0 0.423932
0 0 0.414065
0 0 0.412059
0 0 0.394366
0 0 0.385304
0 0 0.378707
0 0 0.374321
0 0 0.370083
0 0 0.362969
0 0 0.354814
0 0 0.350641
0 0 0.344391
0 0 0.343396
0 0 0.338151
0 0 0.335625
0 0 0.332765
0 0 0.327291
0 0 0.318631
0 0 0.317535
0 0 0.31344
0 0 0.311399
0 0 0.303836
0 0 0.301019
0 0 0.30101
0 0 0.298059
0 0 0.295447
0 0 0.294135
0 0 0.2895
0 0 0.28918
0 0 0.285898
0 0 0.285055
0 0 0.283491
0 0 0.281719
0 0 0.279883
0 0 0.273026
0 0 0.265981
0 0 0.265976
0 0 0.265029
0 0 0.264769
0 0 0.263049
0 0 0.261964
0 0 0.261149
0 0 0.246352
0 0 0.246189
0 0 0.241126
0 0 0.240153
0 0 0.238913
0 0 0.238782
0 0 0.238613
0 0 0.238304
0 0 0.23696
0 0 0.235677
0 0 0.233074
0 0 0.23115
0 0 0.229209
0 0 0.229005
0 0 0.227003
0 0 0.223135
0 0 0.218066
0 0 0.216703
0 0 0.215827
0 0 0.215494
0 0 0.215294
0 0 0.213687
0 0 0.21368
0 0 0.211937
0 0 0.210381
0 0 0.209974
0 0 0.208672
0 0 0.208567
0 0 0.207673
0 0 0.206082
0 0 0.205794
0 0 0.20497
0 0 0.201053
0 0 0.198898
0 0 0.198765
0 0 0.197575
0 0 0.195835
0 0 0.193879
0 0 0.192401
0 0 0.191494
0 0 0.188423
0 0 0.187716
0 0 0.186893
0 0 0.185902
0 0 0.184861
0 0 0.183786
0 0 0.183317
0 0 0.181864
0 0 0.180925
0 0 0.180676
0 0 0.180387
0 0 0.179268
0 0 0.177974
0 0 0.177607
0 0 0.175804
0 0 0.175524
0 0 0.174491
0 0 0.174372
0 0 0.173621
0 0 0.173233
0 0 0.1729
0 0 0.172804
0 0 0.172295
0 0 0.172003
0 0 0.171749
0 0 0.171051
0 0 0.170531
0 0 0.170012
0 0 0.169899
0 0 0.169855
0 0 0.169765
0 0 0.169302
0 0 0.167226
0 0 0.166733
0 0 0.165825
0 0 0.165355
0 0 0.164559
0 0 0.164484
0 0 0.1644
0 0 0.163988
0 0 0.163488
0 0 0.162942
0 0 0.162821
0 0 0.162665
0 0 0.160735
0 0 0.160428
0 0 0.159881
0 0 0.159102
0 0 0.158594
0 0 0.157618
0 0 0.157143
0 0 0.157138
0 0 0.156887
0 0 0.15671
0 0 0.156062
0 0 0.155166
0 0 0.155138
0 0 0.154759
0 0 0.15404
0 0 0.153175
0 0 0.152871
0 0 0.152505
0 0 0.150082
0 0 0.149809
0 0 0.149571
0 0 0.149005
0 0 0.1487
0 0 0.148655
0 0 0.148519
0 0 0.148036
0 0 0.147866
0 0 0.147718
0 0 0.147268
0 0 0.14725
0 0 0.147223
0 0 0.147063
0 0 0.146334
0 0 0.146094
0 0 0.145868
0 0 0.145743
0 0 0.145596
0 0 0.145592
0 0 0.145137
0 0 0.144884
0 0 0.144599
0 0 0.142782
0 0 0.141349
0 0 0.140722
0 0 0.139987
0 0 0.139457
0 0 0.138968
0 0 0.138951
0 0 0.138551
0 0 0.138486
0 0 0.138281
0 0 0.137822
0 0 0.137615
0 0 0.137363
0 0 0.137314
0 0 0.137082
0 0 0.13684
0 0 0.136692
0 0 0.136309
0 0 0.13618
0 0 0.135031
0 0 0.134837
0 0 0.134137
0 0 0.133936
0 0 0.133565
0 0 0.133076
0 0 0.13299
0 0 0.132557
0 0 0.132461
0 0 0.132202
0 0 0.13212
0 0 0.131849
0 0 0.131767
0 0 0.131445
0 0 0.131435
0 0 0.131388
0 0 0.130446
0 0 0.130303
0 0 0.130242
0 0 0.129974
0 0 0.129844
0 0 0.129557
0 0 0.129146
0 0 0.129112
0 0 0.129104
0 0 0.128945
0 0 0.128861
0 0 0.128205
0 0 0.12814
0 0 0.128133
0 0 0.127642
0 0 0.127379
0 0 0.127032
0 0 0.127006
0 0 0.126071
0 0 0.12591
0 0 0.125641
0 0 0.125607
0 0 0.125469
0 0 0.125271
0 0 0.125206
0 0 0.125073
0 0 0.124831
0 0 0.124788
0 0 0.124311
0 0 0.12414
0 0 0.123942
0 0 0.12323
0 0 0.12316
0 0 0.123081
0 0 0.122915
0 0 0.122633
0 0 0.12219
0 0 0.1214
0 0 0.121089
0 0 0.121059
0 0 0.120924
0 0 0.120876
0 0 0.120748
0 0 0.120412
0 0 0.120376
0 0 0.119851
0 0 0.119787
0 0 0.118866
0 0 0.118788
0 0 0.118692
0 0 0.118525
0 0 0.118518
0 0 0.118267
0 0 0.118011
0 0 0.11795
0 0 0.117878
0 0 0.117601
0 0 0.117047
0 0 0.116921
0 0 0.11691
0 0 0.116882
0 0 0.116758
0 0 0.116655
0 0 0.116475
0 0 0.116334
0 0 0.116182
0 0 0.115757
0 0 0.115751
0 0 0.11555
0 0 0.115244
0 0 0.115025
0 0 0.114842
0 0 0.114631
0 0 0.114272
0 0 0.114265
0 0 0.114209
0 0 0.114074
0 0 0.113997
0 0 0.11386
0 0 0.113504
0 0 0.113503
0 0 0.113202
0 0 0.113166
0 0 0.112944
0 0 0.112135
0 0 0.112088
0 0 0.112001
0 0 0.111808
0 0 0.111494
0 0 0.111149
0 0 0.110923
0 0 0.110457
0 0 0.110447
0 0 0.109954
0 0 0.109928
0 0 0.109859
0 0 0.109771
0 0 0.109337
0 0 0.109325
0 0 0.109065
0 0 0.108775
0 0 0.108695
0 0 0.108657
0 0 0.107911
0 0 0.106469
0 0 0.106414
0 0 0.106263
0 0 0.105816
0 0 0.105446
0 0 0.104881
0 0 0.104781
0 0 0.104765
0 0 0.104409
0 0 0.104388
0 0 0.10384
0 0 0.103803
0 0 0.1038
0 0 0.103784
0 0 0.103761
0 0 0.103458
0 0 0.10344
0 0 0.103277
0 0 0.102286
0 0 0.101994
0 0 0.101982
0 0 0.101942
0 0 0.101643
0 0 0.101587
0 0 0.101366
0 0 0.101106
0 0 0.100941
0 0 0.100831
0 0 0.100708
0 0 0.100643
0 0 0.100385
0 0 0.1001
0 0 0.100042
0 0 0.100006
0 0 0.0997631
0 0 0.0994272
0 0 0.099039
0 0 0.0983576
0 0 0.0983153
0 0 0.0960821
0 0 0.0956433
0 0 0.0951172
0 0 0.0950926
0 0 0.0947333
0 0 0.0934006
0 0 0.093217
0 0 0.093176
0 0 0.0925876
0 0 0.0922021
1 0.403709 0.495826
0 0 0.0910806
0 0 0.0909141
0 0 0.0902111
0 0 0.0901802
0 0 0.0897597
0 0 0.0892464
0 0 0.0888954
0 0 0.0883541
0 0 0.0870582
0 0 0.0849047
0 0 0.0849006
0 0 0.0846131
0 0 0.0842925
0 0 0.0839465
0 0 0.082937
0 0 0.0827416
0 0 0.0822248
0 0 0.0821219
0 0 0.0821065
0 0 0.0813215
0 0 0.0812638
0 0 0.0810098
0 0 0.0809377
0 0 0.0803973
0 0 0.0782488
0 0 0.0773978
0 0 0.0762913
0 0 0.0746176
0 0 0.0739551
0 0 0.069883
0 0 0.0694301
1 0.264526 0.31355
1 0.177811 0.218702
1 0.332696 0.370803
1 0.303639 0.335924
1 0.314484 0.343427
1 0.123455 0.151886
1 0.190481 0.216366
1 0.115344 0.139113
1 0.11947 0.14304
1 0.239835 0.26127
1 0.12716 0.14818
1 0.139854 0.160319
1 0.420921 0.441171
1 0.1226 0.14283
1 0.139538 0.159585
1 0.134703 0.154708
1 0.180812 0.20066
1 0.132664 0.152378
1 0.216931 0.236552
1 0.160155 0.179182
1 0.171981 0.190466
1 0.131652 0.150102
1 0.122362 0.140396
1 0.274779 0.292523
1 0.143937 0.161612
1 0.131755 0.149414
1 0.164737 0.182268
1 0.238317 0.255805
1 0.30481 0.322263
1 0.132041 0.149125
1 0.160713 0.177331
1 0.119364 0.135516
1 0.188965 0.204998
1 0.360333 0.376194
1 0.132444 0.147717
1 0.103178 0.118081
1 0.309834 0.324719
1 0.211199 0.226075
1 0.162313 0.177172
1 0.123051 0.13761
1 0.139694 0.1539
1 0.126033 0.139817
1 0.20327 0.216909
1 0.122015 0.135531
1 0.187877 0.20139
1 0.114636 0.12799
1 0.103012 0.116231
1 0.12635 0.139495
1 0.137479 0.150124
1 0.159785 0.172421
1 0.127228 0.139817
1 0.475831 0.488273
1 0.164182 0.176521
1 0.125726 0.137727
1 0.218179 0.2301
1 0.525915 0.537797
1 0.157822 0.169594
1 0.339698 0.35107
1 0.255649 0.266976
1 0.126398 0.137627
1 0.193495 0.204565
1 0.131033 0.141949
1 0.137382 0.148207
1 0.153987 0.164789
1 0.571918 0.582651
2 0.228738 0.239428
1 0.27347 0.284015
1 0.149222 0.159736
1 0.134807 0.145215
1 0.275977 0.286373
1 0.152964 0.163092
1 0.150933 0.16102
1 0.173441 0.183523
1 0.152129 0.162152
1 0.155169 0.164985
1 0.167503 0.177172
1 0.133428 0.143049
1 0.375341 0.384941
1 0.159407 0.168999
1 0.155177 0.164755
1 0.159136 0.168626
1 0.268175 0.277484
1 0.175655 0.184934
1 0.147632 0.15689
1 0.130267 0.139518
1 0.134651 0.143735
1 0.151068 0.160069
1 0.128005 0.136985
1 0.118786 0.127724
1 0.109192 0.118012
1 0.132941 0.141601
1 0.234912 0.243557
1 0.132411 0.140975
1 0.164417 0.172967
1 0.162402 0.170876
1 0.106759 0.115173
1 0.144349 0.152641
2 0.139249 0.147534
2 0.147717 0.155921
1 0.203972 0.211961
1 0.194864 0.202767
1 0.43263 0.440478
1 0.159382 0.167007
1 0.141324 0.148617
1 0.129986 0.1372
1 0.207724 0.214929
1 0.304502 0.311578
1 0.121556 0.128594
1 0.173774 0.18081
1 0.158245 0.165265
1 0.161899 0.168902
2 0.15653 0.163511
1 0.162499 0.169378
1 0.159849 0.166691
1 0.14376 0.150521
1 0.141833 0.148503
2 0.160047 0.166691
1 0.126794 0.133225
1 0.12237 0.128787
1 0.150194 0.156572
1 0.116372 0.122749
1 0.181374 0.187728
1 0.136686 0.142984
1 0.129625 0.135897
2 0.218702 0.224839
1 0.14227 0.148395
1 0.194781 0.200838
1 0.127582 0.133635
1 0.102612 0.108612
2 0.155614 0.161552
1 0.134146 0.140052
1 0.110397 0.116256
1 0.130972 0.136807
1 0.13794 0.143711
1 0.115014 0.12066
1 0.135605 0.141237
1 0.146349 0.151962
1 0.107171 0.112761
1 0.12647 0.132016
1 0.219856 0.225383
1 0.122737 0.128245
2 0.16044 0.165787
2 0.140465 0.145792
2 0.177112 0.18243
1 0.13432 0.139633
2 0.152593 0.157857
2 0.131051 0.136207
2 0.236176 0.241317
1 0.175877 0.180998
1 0.129156 0.134263
1 0.144942 0.150026
1 0.210586 0.215666
1 0.108073 0.113137
1 0.144805 0.149823
1 0.123791 0.128773
1 0.144924 0.149835
1 0.195805 0.200705
1 0.117977 0.122868
2 0.191918 0.196775
1 0.122813 0.127644
1 0.190692 0.195507
1 0.149851 0.154642
1 0.3149 0.319635
2 0.179621 0.184323
1 0.17797 0.182531
1 0.128261 0.132719
1 0.141588 0.145984
1 0.114293 0.118638
1 0.138098 0.142414
2 0.160736 0.165028
1 0.143213 0.147379
1 0.123816 0.127979
1 0.152424 0.156572
2 0.161638 0.165753
2 0.176521 0.180534
2 0.149442 0.153453
1 0.14551 0.149508
1 0.123035 0.126963
2 0.118525 0.122418
1 0.170393 0.174256
1 0.167697 0.17154
2 0.19387 0.197709
1 0.134685 0.138516
1 0.144255 0.148006
1 0.135576 0.139283
2 0.158422 0.162107
1 0.165825 0.169505
1 0.17556 0.179136
1 0.134067 0.137627
1 0.118218 0.121675
1 0.153564 0.156962
2 0.163045 0.16642
1 0.0967262 0.100089
2 0.14255 0.145903
2 0.179048 0.182305
1 0.141536 0.144792
2 0.238593 0.241803
1 0.144926 0.14813
2 0.161016 0.164217
1 0.182432 0.185596
2 0.194318 0.197433
2 0.220652 0.223764
1 0.108261 0.11132
1 0.153268 0.156261
1 0.105633 0.108612
1 0.169537 0.172432
2 0.245734 0.248622
2 0.167426 0.170296
1 0.137078 0.139939
1 0.13917 0.142003
1 0.131554 0.134334
2 0.143735 0.146514
2 0.170612 0.173355
2 0.149871 0.152593
2 0.194069 0.196775
2 0.209216 0.211919
2 0.154198 0.15689
2 0.169225 0.171917
1 0.134163 0.136835
1 0.128866 0.131504
1 0.200588 0.203223
2 0.182491 0.185079
2 0.158334 0.160881
1 0.125109 0.127644
1 0.127231 0.129757
2 0.154886 0.157391
1 0.109046 0.111541
2 0.162504 0.164901
1 0.145553 0.147925
2 0.160293 0.162633
1 0.171874 0.174204
1 0.134474 0.136798
2 0.11607 0.118385
1 0.128402 0.130679
1 0.149019 0.151277
2 0.201553 0.203809
1 0.179013 0.181245
1 0.126569 0.128773
1 0.145415 0.147577
1 0.123557 0.125718
2 0.314858 0.317017
2 0.177031 0.179135
2 0.169594 0.171687
1 0.160466 0.162548
2 0.120062 0.122115
2 0.157727 0.159778
2 0.138516 0.140512
2 0.140603 0.142585
2 0.169694 0.171662
1 0.113251 0.115173
1 0.131714 0.133635
2 0.155458 0.157378
1 0.123076 0.124993
2 0.163359 0.165246
1 0.17734 0.179142
1 0.169484 0.171267
1 0.189364 0.191141
1 0.137575 0.139273
2 0.136132 0.137825
1 0.193644 0.195291
1 0.184216 0.18581
2 0.16674 0.168314
1 0.158485 0.160013
2 0.179737 0.181211
2 0.164978 0.166444
1 0.1576 0.158992
2 0.149072 0.150462
2 0.172864 0.174241
1 0.124308 0.125618
1 0.138067 0.13936
1 0.149141 0.150342
1 0.143879 0.145019
1 0.174946 0.176001
2 0.150835 0.151822
1 0.105446 0.106419
2 0.169921 0.170866
2 0.118193 0.119134
2 0.130847 0.131779
1 0.187207 0.188091
1 0.21047 0.211341
1 0.167641 0.168495
1 0.170812 0.171645
2 0.139304 0.14005
2 0.13443 0.135165
2 0.141686 0.142392
2 0.167568 0.168248
2 0.169921 0.170577
2 0.158231 0.15887
1 0.187118 0.187643
1 0.213097 0.213617
2 0.142066 0.142585
2 0.169556 0.170069
1 0.170762 0.171267
2 0.152238 0.152725
2 0.16243 0.162856
2 0.182503 0.182911
1 0.201088 0.201468
1 0.161848 0.162221
2 0.159348 0.159693
2 0.179369 0.179651
1 0.199194 0.199473
1 0.236638 0.236878
1 0.134497 0.134711
2 0.15056 0.150764
1 0.134151 0.134355
1 0.169548 0.169724
1 0.159651 0.159814
2 0.201841 0.202004
1 0.115311 0.115448
1 0.121333 0.121409
2 0.139983 0.14005
1 0.115488 0.115548
2 0.160741 0.16079
