0 0 inf
0 0 inf
0 0 inf
0 0 inf
0 0 0.796607
0 0 0.734483
0 0 0.703926
0 0 0.686203
0 0 0.683744
0 0 0.637051
0 0 0.631301
0 0 0.621814
0 0 0.564908
0 0 0.53166
0 0 0.515704
0 0 0.511935
0 0 0.49889
0 0 0.496701
0 0 0.489942
0 0 0.487689
0 0 0.480502
0 0 0.458965
0 0 0.448735
0 0 0.44121
0 0 0.435176
0 0 0.428068
0 0 0.420637
0 0 0.383852
0 0 0.383769
0 0 0.379432
0 0 0.373698
0 0 0.373077
0 0 0.370177
0 0 0.367254
0 0 0.358923
0 0 0.352627
0 0 0.351685
0 0 0.348166
0 0 0.343918
0 0 0.329805
0 0 0.328991
0 0 0.324925
0 0 0.321938
0 0 0.320836
0 0 0.316907
0 0 0.316745
0 0 0.315594
0 0 0.308935
0 0 0.308295
0 0 0.307234
0 0 0.304835
0 0 0.301591
0 0 0.296194
0 0 0.294844
0 0 0.292545
0 0 0.291596
0 0 0.28764
0 0 0.287427
0 0 0.286981
0 0 0.286223
0 0 0.28433
0 0 0.283008
0 0 0.282615
0 0 0.282357
0 0 0.281016
0 0 0.2806
0 0 0.279732
0 0 0.278704
0 0 0.273157
0 0 0.272805
0 0 0.268004
0 0 0.266285
0 0 0.265075
0 0 0.263457
0 0 0.262601
0 0 0.261448
0 0 0.256659
0 0 0.2545
0 0 0.251077
0 0 0.246326
0 0 0.241223
0 0 0.236821
0 0 0.236802
0 0 0.232707
0 0 0.229479
0 0 0.228895
0 0 0.228456
0 0 0.224649
0 0 0.224294
0 0 0.223477
0 0 0.223168
0 0 0.221894
0 0 0.221339
0 0 0.221236
0 0 0.219803
0 0 0.21954
0 0 0.219184
0 0 0.218531
0 0 0.21848
0 0 0.217289
0 0 0.214733
0 0 0.214577
0 0 0.213811
0 0 0.211704
0 0 0.211698
0 0 0.211048
0 0 0.209939
0 0 0.208979
0 0 0.203091
0 0 0.200155
0 0 0.198703
0 0 0.197007
0 0 0.196895
0 0 0.195955
0 0 0.195565
0 0 0.194838
0 0 0.194294
0 0 0.194073
0 0 0.193191
0 0 0.191463
0 0 0.190266
0 0 0.188399
0 0 0.186789
0 0 0.185673
0 0 0.185435
0 0 0.185241
0 0 0.185071
0 0 0.184264
0 0 0.183898
0 0 0.183587
0 0 0.181666
0 0 0.181521
0 0 0.181397
0 0 0.18112
0 0 0.178769
0 0 0.17841
0 0 0.178406
0 0 0.178316
0 0 0.178085
0 0 0.177843
0 0 0.177577
0 0 0.177224
0 0 0.176685
0 0 0.176428
0 0 0.174526
0 0 0.174324
0 0 0.173982
0 0 0.172872
0 0 0.171929
0 0 0.171608
0 0 0.17102
0 0 0.170873
0 0 0.17081
0 0 0.169948
0 0 0.169924
0 0 0.169485
0 0 0.169389
0 0 0.168816
0 0 0.167439
0 0 0.166145
0 0 0.166118
0 0 0.165846
0 0 0.165739
0 0 0.165707
0 0 0.164759
0 0 0.164567
0 0 0.164411
0 0 0.163832
0 0 0.163575
0 0 0.162469
0 0 0.162467
0 0 0.161679
0 0 0.160858
0 0 0.160768
0 0 0.160735
0 0 0.160695
0 0 0.160394
0 0 0.160359
0 0 0.159875
0 0 0.159309
0 0 0.158175
0 0 0.156928
0 0 0.156571
0 0 0.156259
0 0 0.155701
0 0 0.155339
0 0 0.155072
0 0 0.154311
0 0 0.153228
0 0 0.152801
0 0 0.150219
0 0 0.149742
0 0 0.148765
0 0 0.147998
0 0 0.147994
0 0 0.147085
0 0 0.146994
0 0 0.146918
0 0 0.146876
0 0 0.146818
0 0 0.146798
0 0 0.145875
0 0 0.145676
0 0 0.145204
0 0 0.145163
0 0 0.144418
0 0 0.144418
0 0 0.143898
0 0 0.143843
0 0 0.143298
0 0 0.143245
0 0 0.1425
0 0 0.142055
0 0 0.142
0 0 0.141607
0 0 0.141401
0 0 0.140961
0 0 0.140875
0 0 0.140798
0 0 0.140373
0 0 0.139949
0 0 0.139642
0 0 0.139311
0 0 0.138562
0 0 0.138477
0 0 0.137935
0 0 0.137728
0 0 0.137423
0 0 0.136958
0 0 0.136948
0 0 0.135921
0 0 0.135853
0 0 0.135712
0 0 0.135194
0 0 0.135151
0 0 0.135079
0 0 0.134937
0 0 0.134539
0 0 0.13444
0 0 0.134394
0 0 0.13434
0 0 0.134277
0 0 0.134264
0 0 0.134163
0 0 0.133825
0 0 0.133807
0 0 0.132502
0 0 0.131918
0 0 0.131584
0 0 0.131016
0 0 0.130511
0 0 0.1305
0 0 0.130488
0 0 0.130368
0 0 0.130266
0 0 0.130003
0 0 0.129363
0 0 0.129241
0 0 0.129234
0 0 0.129115
0 0 0.129082
0 0 0.128914
0 0 0.128506
0 0 0.128367
0 0 0.128041
0 0 0.127604
0 0 0.127471
0 0 0.126962
0 0 0.126921
0 0 0.126832
0 0 0.126143
0 0 0.125958
0 0 0.125932
0 0 0.125694
0 0 0.125319
0 0 0.124606
0 0 0.124428
0 0 0.124295
0 0 0.124075
0 0 0.123613
0 0 0.12361
0 0 0.12306
0 0 0.123042
0 0 0.122663
0 0 0.122638
0 0 0.122316
0 0 0.122226
0 0 0.122165
0 0 0.121868
0 0 0.121546
0 0 0.121526
0 0 0.121167
0 0 0.12116
0 0 0.121118
0 0 0.120607
0 0 0.120474
0 0 0.120211
0 0 0.120096
0 0 0.119875
0 0 0.119623
0 0 0.11944
0 0 0.11943
0 0 0.119237
0 0 0.118748
0 0 0.118719
0 0 0.11868
0 0 0.118474
0 0 0.118283
0 0 0.118251
0 0 0.117824
0 0 0.117101
0 0 0.116763
0 0 0.116387
0 0 0.116217
0 0 0.115711
0 0 0.114905
0 0 0.114902
0 0 0.114746
0 0 0.114583
0 0 0.114189
0 0 0.11398
0 0 0.113818
0 0 0.113727
0 0 0.113588
0 0 0.113288
0 0 0.113269
0 0 0.11326
0 0 0.113252
0 0 0.11318
0 0 0.113108
0 0 0.113011
0 0 0.112915
0 0 0.112671
0 0 0.112462
0 0 0.111987
0 0 0.111854
0 0 0.111841
0 0 0.111822
0 0 0.111803
0 0 0.111609
0 0 0.111417
0 0 0.111038
0 0 0.111014
0 0 0.110944
0 0 0.110844
0 0 0.110572
0 0 0.110322
0 0 0.11008
0 0 0.109646
0 0 0.109607
0 0 0.109531
0 0 0.109293
0 0 0.109156
0 0 0.108941
0 0 0.108461
0 0 0.107487
0 0 0.106825
0 0 0.106701
0 0 0.1066
0 0 0.106453
0 0 0.106453
0 0 0.106091
0 0 0.105989
0 0 0.10597
0 0 0.105259
0 0 0.105062
0 0 0.104956
0 0 0.104459
0 0 0.104385
0 0 0.104119
0 0 0.103267
0 0 0.102551
0 0 0.10235
0 0 0.100418
0 0 0.100283
0 0 0.0997706
0 0 0.0995272
0 0 0.0994084
0 0 0.0993192
0 0 0.0991679
0 0 0.0989405
1 0.349944 0.44835
0 0 0.098242
0 0 0.0975773
0 0 0.0971683
0 0 0.0970424
0 0 0.0968694
0 0 0.0967969
0 0 0.0960564
0 0 0.0958752
0 0 0.0937293
0 0 0.0933963
0 0 0.0927195
0 0 0.0909376
0 0 0.0908058
0 0 0.0892526
0 0 0.0868481
0 0 0.086263
0 0 0.0854587
0 0 0.0809197
1 0.505342 0.580965
0 0 0.0704094
1 0.220179 0.279247
1 0.354462 0.404471
1 0.372243 0.421472
1 0.502178 0.549819
1 0.248823 0.286661
1 0.186907 0.224316
1 0.187404 0.224005
1 0.313095 0.349009
1 0.712409 0.747789
1 0.222992 0.258029
1 0.20743 0.242281
1 0.308443 0.343115
1 0.201035 0.232524
1 0.341193 0.37262
1 0.159865 0.187849
1 0.202849 0.22744
1 0.199737 0.223951
1 0.141782 0.165683
1 0.509222 0.532608
1 0.368381 0.390858
2 0.456134 0.478459
1 0.196629 0.218927
1 0.196592 0.218883
1 0.357806 0.379944
1 0.23588 0.257869
1 0.1199 0.141742
1 0.185877 0.207271
1 0.12927 0.150107
1 0.157531 0.178295
1 0.334935 0.35529
1 0.129333 0.149612
1 0.154267 0.174367
1 0.155017 0.174954
1 0.223703 0.243565
1 0.120099 0.139942
1 0.286717 0.306514
1 0.125379 0.144814
1 0.160207 0.179606
1 0.391559 0.410675
1 0.16257 0.181209
1 0.20068 0.219216
1 0.229746 0.248177
1 0.14146 0.159348
1 0.11872 0.136342
1 0.173287 0.190829
1 0.30822 0.3256
1 0.120846 0.138186
1 0.113486 0.130522
1 0.125791 0.142537
1 0.23625 0.252815
1 0.110783 0.127316
1 0.139444 0.155418
1 0.109605 0.125555
1 0.211024 0.226917
1 0.197461 0.213312
1 0.246287 0.262022
1 0.107011 0.122613
1 0.107943 0.123442
1 0.212232 0.227512
1 0.111921 0.127076
1 0.139828 0.15466
1 0.132904 0.147019
1 0.239835 0.253703
1 0.124173 0.137905
1 0.143582 0.156916
1 0.154202 0.167173
1 0.406417 0.419251
1 0.148593 0.161425
1 0.265216 0.278033
1 0.146715 0.159487
1 0.19468 0.207356
1 0.169645 0.18225
2 0.277081 0.289606
1 0.179251 0.19176
1 0.14607 0.158443
1 0.189184 0.201263
1 0.130077 0.141967
1 0.2007 0.212345
1 0.181187 0.192793
1 0.115189 0.126643
1 0.154926 0.166168
1 0.144336 0.155418
1 0.111632 0.122491
1 0.167239 0.177527
1 0.129725 0.140007
2 0.139927 0.149988
1 0.127051 0.136785
2 0.251658 0.260972
1 0.136774 0.145813
1 0.193828 0.20281
2 0.233723 0.242624
1 0.140957 0.149792
2 0.16242 0.170974
1 0.140781 0.149306
1 0.340651 0.349009
1 0.288617 0.296971
1 0.129596 0.137871
1 0.150321 0.158568
1 0.383115 0.391339
1 0.4376 0.445821
1 0.142369 0.15053
1 0.171352 0.179432
1 0.128267 0.13634
1 0.139006 0.147048
1 0.159819 0.167828
1 0.111844 0.119814
1 0.121385 0.129257
1 0.116502 0.124114
1 0.118946 0.126512
2 0.252218 0.259735
1 0.176443 0.183904
2 0.147378 0.15454
2 0.176214 0.183364
1 0.159472 0.166548
1 0.360549 0.367615
2 0.124492 0.131515
1 0.168118 0.1751
1 0.143812 0.150765
1 0.123276 0.130211
1 0.120018 0.126916
1 0.135954 0.142769
1 0.131629 0.138417
1 0.139075 0.145838
1 0.120995 0.127749
1 0.18286 0.189542
1 0.112503 0.119088
1 0.126641 0.133225
1 0.268456 0.275007
1 0.303888 0.310403
1 0.19807 0.204568
2 0.155724 0.162135
1 0.13995 0.146125
2 0.134614 0.140674
1 0.127191 0.133164
1 0.142467 0.148436
1 0.129343 0.135309
2 0.216323 0.222244
1 0.167387 0.173306
1 0.138378 0.144274
1 0.116389 0.122278
2 0.146809 0.152676
1 0.243373 0.24923
1 0.133602 0.139452
1 0.192255 0.198025
1 0.148119 0.153868
1 0.177202 0.182847
1 0.236002 0.241557
1 0.133712 0.139248
2 0.148373 0.153907
1 0.130873 0.136379
2 0.202856 0.208326
1 0.269127 0.274573
2 0.240972 0.246371
2 0.233723 0.239121
1 0.13082 0.136218
1 0.145151 0.15054
2 0.142853 0.148105
1 0.160946 0.166124
1 0.129131 0.134231
2 0.28487 0.289946
1 0.25305 0.258104
1 0.117969 0.122993
1 0.218627 0.223633
1 0.138406 0.143385
1 0.201767 0.206714
2 0.184409 0.189307
2 0.129397 0.134287
1 0.128396 0.133229
1 0.289836 0.294593
1 0.121055 0.125803
2 0.291762 0.296506
2 0.147765 0.152379
1 0.166027 0.170602
1 0.119033 0.12351
1 0.281534 0.285964
2 0.143678 0.148105
2 0.186978 0.191385
1 0.270695 0.275007
1 0.155588 0.159896
1 0.27451 0.2788
1 0.150861 0.155099
2 0.13278 0.137013
1 0.183017 0.187207
1 0.12635 0.130539
1 0.158852 0.162966
1 0.228932 0.233021
2 0.147691 0.151746
1 0.138907 0.142919
1 0.140652 0.144601
2 0.171594 0.175439
1 0.111245 0.114995
1 0.251406 0.255142
1 0.127765 0.131479
1 0.13567 0.139285
1 0.123163 0.126637
1 0.130012 0.133314
2 0.138975 0.142205
1 0.157213 0.160437
1 0.129686 0.132899
1 0.147375 0.15053
1 0.127346 0.130425
2 0.224405 0.227476
2 0.148207 0.151223
2 0.147293 0.150286
1 0.197724 0.200685
2 0.162157 0.164988
2 0.162157 0.164988
1 0.143496 0.14632
1 0.124961 0.127749
1 0.13459 0.137357
2 0.166168 0.168899
1 0.139038 0.141763
1 0.14967 0.152374
2 0.148541 0.151223
1 0.622056 0.624604
1 0.164396 0.166935
1 0.24104 0.243565
2 0.132998 0.135514
1 0.141231 0.143733
1 0.139913 0.142409
2 0.145931 0.148361
1 0.141056 0.143385
1 0.153949 0.156246
1 0.151852 0.154147
1 0.13526 0.137442
1 0.137772 0.139927
2 0.178003 0.180158
2 0.150027 0.152163
2 0.195625 0.197745
2 0.1876 0.189679
2 0.137296 0.139339
1 0.115455 0.117483
1 0.138822 0.140798
2 0.156214 0.158147
1 0.119894 0.121807
2 0.125018 0.126926
2 0.145928 0.147769
1 0.122499 0.124337
1 0.137991 0.139827
1 0.197975 0.199774
1 0.138147 0.139942
1 0.206073 0.207855
2 0.13075 0.132513
2 0.142774 0.144488
1 0.115233 0.116927
1 0.175349 0.176988
1 0.483339 0.484978
2 0.153928 0.155552
1 0.146035 0.147627
1 0.16658 0.168152
1 0.159406 0.160893
1 0.0963121 0.0977403
2 0.230681 0.232056
1 0.130658 0.131958
1 0.121104 0.122347
2 0.139302 0.140477
2 0.147704 0.148785
1 0.123823 0.124862
2 0.153412 0.154444
1 0.139998 0.141024
2 0.390224 0.391231
2 0.152371 0.153342
1 0.12521 0.126147
2 0.132085 0.133019
1 0.129283 0.130214
2 0.162732 0.163599
1 0.457309 0.458131
1 0.140573 0.141363
1 0.180668 0.181357
2 0.261447 0.262079
1 0.129139 0.12967
1 0.133278 0.133806
1 0.144249 0.144761
2 0.131965 0.132431
2 0.143678 0.144106
1 0.129373 0.129776
1 0.19922 0.199585
1 0.122939 0.123244
1 0.150833 0.151099
2 0.140261 0.140477
2 0.142607 0.142813
2 0.187719 0.187859
1 0.158225 0.158345
1 0.134181 0.134287
1 0.17667 0.176769
2 0.23698 0.237065
1 0.121019 0.121088
2 0.139522 0.139577
2 0.344394 0.344435
