0 0 inf
0 0 0.748694
0 0 0.582496
0 0 0.576382
0 0 0.562217
0 0 0.524354
0 0 0.5089
0 0 0.47679
0 0 0.447441
0 0 0.444851
0 0 0.439826
0 0 0.422892
0 0 0.409965
0 0 0.394248
0 0 0.386203
0 0 0.384733
0 0 0.383068
0 0 0.364937
0 0 0.364363
0 0 0.363592
0 0 0.363011
0 0 0.360648
0 0 0.360256
0 0 0.356436
0 0 0.352134
0 0 0.334979
0 0 0.323832
0 0 0.321602
0 0 0.315824
0 0 0.312272
0 0 0.310897
0 0 0.309229
0 0 0.300782
0 0 0.297426
0 0 0.280945
0 0 0.279046
0 0 0.269413
0 0 0.260636
0 0 0.243169
0 0 0.242773
0 0 0.241548
0 0 0.238802
0 0 0.237457
0 0 0.236924
0 0 0.231833
0 0 0.231611
0 0 0.228629
0 0 0.223142
0 0 0.219802
0 0 0.219712
0 0 0.216491
0 0 0.21323
0 0 0.212088
0 0 0.211749
0 0 0.209629
0 0 0.207439
0 0 0.20731
0 0 0.206086
0 0 0.202125
0 0 0.200513
0 0 0.197872
0 0 0.197513
0 0 0.19586
0 0 0.19472
0 0 0.194668
0 0 0.194645
0 0 0.189835
0 0 0.189045
0 0 0.186155
0 0 0.185032
0 0 0.178817
0 0 0.178695
0 0 0.174969
0 0 0.172052
0 0 0.169967
0 0 0.168605
0 0 0.168502
0 0 0.168057
0 0 0.168016
0 0 0.166922
0 0 0.166603
0 0 0.165277
0 0 0.165253
0 0 0.164442
0 0 0.164215
0 0 0.162568
0 0 0.16247
0 0 0.162303
0 0 0.161899
0 0 0.161812
0 0 0.161494
0 0 0.159938
0 0 0.158443
0 0 0.157648
0 0 0.157603
0 0 0.156419
0 0 0.15584
0 0 0.155291
0 0 0.154755
0 0 0.153512
0 0 0.153371
0 0 0.153167
0 0 0.152896
0 0 0.145749
0 0 0.145593
0 0 0.144155
0 0 0.144024
0 0 0.143611
0 0 0.14273
0 0 0.14212
0 0 0.141716
0 0 0.141038
0 0 0.140509
0 0 0.140212
0 0 0.138309
0 0 0.13661
0 0 0.1356
0 0 0.134844
0 0 0.134368
0 0 0.1342
0 0 0.133174
0 0 0.133057
0 0 0.133031
0 0 0.132797
0 0 0.132571
0 0 0.13234
0 0 0.131379
0 0 0.129303
0 0 0.128519
0 0 0.127021
0 0 0.126617
0 0 0.126559
0 0 0.125887
0 0 0.125656
0 0 0.123313
0 0 0.122076
0 0 0.121297
0 0 0.119303
0 0 0.119132
0 0 0.11889
0 0 0.118551
0 0 0.118296
0 0 0.117942
0 0 0.116815
1 0.365929 0.482669
0 0 0.116265
0 0 0.115859
0 0 0.115666
0 0 0.115614
0 0 0.114583
0 0 0.114564
0 0 0.114309
0 0 0.114062
0 0 0.112985
0 0 0.112499
0 0 0.111931
0 0 0.111101
0 0 0.109671
0 0 0.108067
0 0 0.107825
0 0 0.107076
0 0 0.106736
0 0 0.106591
0 0 0.106001
0 0 0.10575
0 0 0.105565
0 0 0.105528
0 0 0.10547
0 0 0.104971
0 0 0.104831
0 0 0.103586
0 0 0.103212
0 0 0.102739
0 0 0.101962
0 0 0.101867
0 0 0.101506
0 0 0.100724
0 0 0.100102
0 0 0.0997509
0 0 0.0987221
0 0 0.0986612
0 0 0.0985918
0 0 0.0969031
0 0 0.0965131
0 0 0.0964796
0 0 0.0963666
0 0 0.0961739
0 0 0.0960383
0 0 0.0956738
0 0 0.0954799
0 0 0.095463
0 0 0.0952154
0 0 0.095045
0 0 0.0945089
0 0 0.094104
0 0 0.0940509
0 0 0.0935399
0 0 0.0935075
0 0 0.092748
0 0 0.0917697
0 0 0.0913688
0 0 0.0908431
0 0 0.0902696
0 0 0.0902268
0 0 0.0900674
0 0 0.0890728
0 0 0.0890022
0 0 0.0885345
0 0 0.0880146
0 0 0.0878184
0 0 0.087385
0 0 0.0872626
0 0 0.0869052
0 0 0.0868294
0 0 0.0866107
0 0 0.0863757
0 0 0.0862882
0 0 0.0855822
0 0 0.0854873
0 0 0.0854727
0 0 0.0853888
0 0 0.0853801
0 0 0.0852285
0 0 0.0845781
0 0 0.0845283
0 0 0.084494
0 0 0.0844219
0 0 0.0844083
0 0 0.0841283
0 0 0.0840677
0 0 0.0836787
0 0 0.0836714
0 0 0.0825345
0 0 0.0824614
0 0 0.0815724
0 0 0.0815078
0 0 0.0813111
0 0 0.0811894
0 0 0.080948
0 0 0.0809056
0 0 0.0800562
1 0.421883 0.50179
0 0 0.0796534
0 0 0.0795886
0 0 0.0793924
0 0 0.0793195
0 0 0.0791418
0 0 0.0790996
0 0 0.0789989
0 0 0.0788596
0 0 0.0785603
0 0 0.0780421
0 0 0.0775356
0 0 0.0775027
0 0 0.0774881
0 0 0.0770189
0 0 0.0769345
0 0 0.0767434
0 0 0.0766485
0 0 0.0762818
0 0 0.0761763
0 0 0.0757493
0 0 0.0757223
0 0 0.075645
0 0 0.0756167
0 0 0.0755808
0 0 0.075477
0 0 0.0753613
0 0 0.0753328
0 0 0.0753136
0 0 0.0752944
0 0 0.0752844
0 0 0.0750379
0 0 0.0749874
0 0 0.0746377
0 0 0.0745793
0 0 0.0745737
0 0 0.0743435
0 0 0.0737789
0 0 0.0736241
0 0 0.0732943
0 0 0.0732462
0 0 0.0732198
0 0 0.073096
0 0 0.0728786
0 0 0.0726154
0 0 0.0718475
0 0 0.071582
0 0 0.0713365
0 0 0.0712279
0 0 0.0711333
0 0 0.0711315
0 0 0.0708769
0 0 0.0703018
0 0 0.0700757
0 0 0.0698762
0 0 0.0698288
0 0 0.069658
0 0 0.0695461
0 0 0.0695308
0 0 0.0695166
0 0 0.0693679
0 0 0.0692905
0 0 0.0691472
0 0 0.0689967
0 0 0.0689461
0 0 0.068801
0 0 0.0686863
0 0 0.0686192
0 0 0.0684815
1 0.441361 0.509745
0 0 0.0683781
0 0 0.0682066
0 0 0.0678333
0 0 0.0676565
0 0 0.0675478
0 0 0.0671577
0 0 0.0669649
0 0 0.0669181
0 0 0.0665212
0 0 0.0665089
0 0 0.0663956
0 0 0.0663922
0 0 0.0663337
0 0 0.0662707
0 0 0.0659297
0 0 0.0657368
0 0 0.0656156
0 0 0.0655564
0 0 0.0654979
0 0 0.0653989
0 0 0.0651302
0 0 0.0651074
0 0 0.0644148
0 0 0.0643529
0 0 0.0643501
0 0 0.0642862
0 0 0.0641584
0 0 0.0640653
0 0 0.0640626
0 0 0.0640103
0 0 0.0638147
0 0 0.0637217
0 0 0.0637075
0 0 0.0636531
0 0 0.0634645
0 0 0.0633873
0 0 0.0633349
0 0 0.0632051
0 0 0.0629755
0 0 0.0625437
0 0 0.0624958
0 0 0.0624745
0 0 0.0624302
0 0 0.0623582
0 0 0.0622638
0 0 0.0621813
0 0 0.0619638
0 0 0.0613749
0 0 0.0610456
0 0 0.0603916
0 0 0.0600879
0 0 0.059942
0 0 0.0597619
0 0 0.0595878
0 0 0.0595569
0 0 0.0594552
0 0 0.0593046
0 0 0.0585677
0 0 0.0584431
0 0 0.0584428
0 0 0.0584264
0 0 0.0575355
0 0 0.0574753
0 0 0.0574353
0 0 0.0569739
0 0 0.056646
0 0 0.0558116
0 0 0.0556846
0 0 0.0556678
0 0 0.0555007
0 0 0.0549862
0 0 0.0549451
0 0 0.0545937
0 0 0.0543861
0 0 0.0543155
0 0 0.0542368
0 0 0.0540939
0 0 0.0539924
0 0 0.0539793
0 0 0.0537901
0 0 0.0532957
0 0 0.0524622
0 0 0.0524405
0 0 0.0524332
0 0 0.0523645
0 0 0.0521096
0 0 0.0514979
1 0.642419 0.693601
0 0 0.050815
0 0 0.0506313
0 0 0.0501094
1 0.363199 0.412922
0 0 0.0446759
0 0 0.0431636
1 0.374411 0.407265
1 0.195973 0.223646
1 0.151798 0.178837
1 0.435593 0.461638
1 0.260804 0.285427
1 0.13638 0.160553
1 0.215309 0.239123
1 0.371529 0.394823
1 0.42975 0.452944
1 0.213934 0.23596
1 0.202948 0.224327
1 0.176 0.196694
1 0.171177 0.189554
1 0.354464 0.371351
1 0.217505 0.234066
1 0.0576647 0.0736363
1 0.114402 0.129836
1 0.0911433 0.104817
1 0.0842359 0.096552
1 0.0672336 0.0794668
1 0.103445 0.115493
1 0.0746055 0.0862282
1 0.170338 0.181918
1 0.086615 0.0981332
1 0.070836 0.0820793
1 0.185637 0.196694
1 0.0692706 0.0802649
1 0.0791065 0.0900397
1 0.0840623 0.0947959
1 0.0749989 0.085677
1 0.0850251 0.0955265
1 0.0993315 0.109655
1 0.173863 0.18401
1 0.0935414 0.103338
1 0.103858 0.113151
1 0.0772458 0.0864353
1 0.411101 0.419932
2 0.110548 0.119071
1 0.210754 0.219124
1 0.10164 0.109934
1 0.0849204 0.0931999
1 0.0686447 0.0768526
1 0.0810568 0.0889934
1 0.0862133 0.0940588
1 0.0794655 0.0872422
1 0.112854 0.120583
1 0.0672802 0.0750092
1 0.120081 0.127747
1 0.0799577 0.087607
1 0.0666311 0.0742783
1 0.0711482 0.0785855
1 0.0936667 0.101041
1 0.0713185 0.0786457
1 0.280935 0.288261
2 0.487894 0.495175
1 0.0898124 0.0970171
1 0.0938377 0.101041
1 0.0964876 0.103634
1 0.0771574 0.0841054
1 0.077593 0.084431
1 0.101889 0.108725
1 0.0710519 0.0778705
1 0.0776443 0.084431
1 0.0690443 0.0757275
2 0.0876894 0.0942247
1 0.0847795 0.0911842
1 0.0766572 0.0829901
1 0.0790028 0.0853106
1 0.0673569 0.0736363
1 0.107086 0.11324
1 0.117008 0.123127
1 0.0774777 0.083563
1 0.0966063 0.102638
1 0.0724492 0.0784223
1 0.100305 0.106094
1 0.0740679 0.0798386
1 0.0695029 0.0752598
1 0.0695047 0.0750544
2 0.0879675 0.0934775
1 0.08281 0.0882935
1 0.10739 0.112861
1 0.090635 0.0960513
1 0.0699784 0.0753205
2 0.0891993 0.0945097
2 0.0876908 0.0929973
1 0.0733511 0.0785855
1 0.103288 0.108419
1 0.0745971 0.0797184
1 0.0997809 0.104802
1 0.0731798 0.0781458
1 0.0713782 0.0762571
1 0.13808 0.142914
1 0.0749055 0.0796438
1 0.0719799 0.0766952
1 0.279736 0.284391
1 0.0771244 0.08175
1 0.0672555 0.0718413
1 0.106693 0.111233
1 0.0588313 0.063299
1 0.259324 0.263786
1 0.0721794 0.07663
1 0.08481 0.0891937
1 0.0815409 0.0859075
1 0.086785 0.0911444
1 0.0795047 0.0838421
1 0.0823135 0.0865391
2 0.0850553 0.0892119
1 0.0846884 0.0888336
1 0.0976525 0.10176
1 0.103729 0.107743
2 0.0821097 0.0861008
1 0.0721155 0.0760266
1 0.0696943 0.0735184
1 0.074872 0.0786694
1 0.0675262 0.0713148
2 0.0914936 0.0952294
1 0.0697941 0.0734971
1 0.107336 0.110887
1 0.0720029 0.0755495
1 0.0695994 0.0731304
1 0.0862224 0.0897128
1 0.0788926 0.0823684
1 0.0847032 0.0881528
1 0.287886 0.291295
2 0.0898589 0.0932348
2 0.086199 0.0895474
1 0.0686149 0.0719478
1 0.0863219 0.0896365
2 0.0764722 0.0797405
1 0.0705764 0.0737543
1 0.0814448 0.0845775
2 0.0865546 0.0896579
2 0.0756542 0.078675
1 0.0911683 0.094186
1 0.0685722 0.071563
2 0.106905 0.109852
2 0.0788141 0.0817244
1 0.0974671 0.100356
1 0.513371 0.516236
1 0.0762117 0.0790077
1 0.0721853 0.0749767
2 0.0911444 0.0938711
1 0.092471 0.0951786
1 0.0805844 0.0832902
1 0.071834 0.0745215
2 0.084431 0.0871174
2 0.0837665 0.0864275
1 0.163656 0.166311
1 0.112392 0.11502
2 0.0771249 0.0797509
2 0.0945751 0.0971969
1 0.0797189 0.0823287
1 0.176468 0.179046
1 0.0901405 0.0926928
1 0.0847251 0.0872557
1 0.0841304 0.0866222
1 0.214183 0.21666
1 0.142931 0.145313
1 0.0851216 0.0874385
1 0.108901 0.1112
1 0.0870126 0.0892924
1 0.0850701 0.0873441
1 0.54099 0.543239
2 0.105384 0.107621
1 0.0753991 0.0776179
2 0.0784539 0.0806688
2 0.0878613 0.0900339
1 0.0779396 0.08009
1 0.0794772 0.0815694
1 0.0968335 0.0989191
1 0.0836959 0.0856782
1 0.0592697 0.0612489
1 0.0747478 0.0767001
2 0.0874017 0.0893511
2 0.0994488 0.101392
1 0.0816838 0.0836074
1 0.079677 0.0816001
1 0.0747965 0.0766952
1 0.175961 0.177846
2 0.0836468 0.0854568
2 0.0639082 0.0657151
1 0.0742515 0.0760415
2 0.0968734 0.0986307
1 0.0931323 0.0948842
1 0.0720834 0.0738033
1 0.102917 0.104622
1 0.102954 0.104622
2 0.0883686 0.0900339
1 0.0648529 0.0665171
1 0.0719396 0.0735897
1 0.0585951 0.0602213
1 0.0676407 0.0692537
1 0.0719152 0.0735184
2 0.0905361 0.0921382
1 0.0881774 0.089765
1 0.0802653 0.0818493
1 0.0976153 0.0991728
1 0.0823437 0.0838849
2 0.088008 0.0895474
1 0.13991 0.141444
1 0.098754 0.100282
1 0.0841744 0.0856782
1 0.110799 0.112292
1 0.0790096 0.0804868
2 0.0820793 0.0835464
2 0.0840242 0.085463
2 0.0851633 0.0865546
2 0.111286 0.112657
1 0.0763233 0.0776873
2 0.0850752 0.0864349
1 0.0976561 0.0989972
1 0.0806813 0.0820155
2 0.0843896 0.0857218
2 0.12314 0.124467
2 0.132428 0.133748
1 0.0904902 0.0917184
2 0.0842367 0.0854626
2 0.096505 0.0977225
1 0.0862231 0.0874385
1 0.0838431 0.0850553
1 0.0723573 0.0735184
1 0.0706895 0.0718413
1 0.0792616 0.0803921
1 0.0704672 0.071563
1 0.193927 0.194999
2 0.0773857 0.078452
1 0.0825369 0.083563
2 0.0925345 0.0935601
1 0.0710875 0.0720743
1 0.0782256 0.0791488
1 0.11186 0.112779
2 0.0853998 0.0862456
2 0.199225 0.200058
1 0.0765799 0.0774127
1 0.0706757 0.0714732
2 0.0912709 0.0920545
2 0.0898967 0.0906546
2 0.0846234 0.0853705
1 0.0974007 0.0981333
2 0.131875 0.132595
1 0.107647 0.108345
1 0.0683022 0.0689873
1 0.0770301 0.0777148
1 0.0585484 0.0592253
1 0.0758413 0.0765172
2 0.235438 0.236108
1 0.0899453 0.0906095
1 0.082078 0.0827419
1 0.0916455 0.0923015
2 0.0901252 0.0907769
2 0.0858013 0.0864349
1 0.107593 0.108215
2 0.0962866 0.0969054
2 0.0869274 0.0875202
1 0.081518 0.0821097
2 0.0885854 0.0891648
2 0.114253 0.114784
1 0.0842954 0.0847912
2 0.108271 0.10874
1 0.120147 0.120615
1 0.193108 0.193572
2 0.0839109 0.0843574
1 0.167256 0.167689
1 0.0945562 0.0949861
1 0.10694 0.107352
2 0.0942995 0.0947095
1 0.0765167 0.0769233
1 0.0730021 0.0734087
1 0.141758 0.142144
1 0.0814653 0.0818493
2 0.0781262 0.078493
2 0.0965619 0.0968934
1 0.0842739 0.0846005
1 0.0760998 0.0764258
1 0.0662042 0.066493
2 0.0882935 0.0885716
1 0.0649405 0.0652173
1 0.0738119 0.0740749
1 0.0783581 0.0785855
2 0.0931898 0.0933884
2 0.087976 0.0881558
2 0.113516 0.113696
2 0.0840242 0.0841655
1 0.10043 0.100563
2 0.0994357 0.0995574
1 0.113294 0.113394
1 0.0720082 0.0720855
1 0.0822367 0.0823052
1 0.149388 0.149436
1 0.0736753 0.0736985
1 0.0754219 0.075444
