0 0 inf
0 0 inf
0 0 0.788691
0 0 0.691675
0 0 0.622589
0 0 0.596441
0 0 0.543547
0 0 0.532418
0 0 0.52614
0 0 0.49991
0 0 0.491266
0 0 0.489291
0 0 0.486823
0 0 0.484733
0 0 0.481817
0 0 0.473595
0 0 0.448771
0 0 0.427925
0 0 0.424782
0 0 0.420576
0 0 0.412518
0 0 0.412401
0 0 0.387414
0 0 0.377159
0 0 0.375461
0 0 0.372003
0 0 0.369133
0 0 0.367841
0 0 0.366789
0 0 0.363195
0 0 0.362505
0 0 0.357536
0 0 0.353621
0 0 0.351224
0 0 0.336417
0 0 0.330613
0 0 0.323768
0 0 0.321185
0 0 0.319001
0 0 0.317459
0 0 0.316446
0 0 0.316105
0 0 0.315476
0 0 0.31034
0 0 0.308559
0 0 0.302372
0 0 0.301412
0 0 0.299739
0 0 0.290666
0 0 0.284913
0 0 0.284424
0 0 0.281622
0 0 0.279043
0 0 0.278885
0 0 0.272939
0 0 0.270966
0 0 0.269565
0 0 0.268832
0 0 0.266634
0 0 0.261727
0 0 0.261593
0 0 0.260437
0 0 0.260147
0 0 0.259353
0 0 0.259076
0 0 0.25878
0 0 0.257872
0 0 0.25744
0 0 0.254617
0 0 0.253079
0 0 0.252367
0 0 0.250057
0 0 0.249949
0 0 0.249541
0 0 0.249317
0 0 0.246917
0 0 0.242526
0 0 0.238318
0 0 0.237615
0 0 0.237464
0 0 0.237425
0 0 0.23591
0 0 0.234629
0 0 0.228347
0 0 0.227772
0 0 0.227659
0 0 0.223975
0 0 0.220504
0 0 0.22016
0 0 0.220012
0 0 0.218475
0 0 0.218325
0 0 0.215959
0 0 0.214962
0 0 0.214822
0 0 0.212984
0 0 0.212893
0 0 0.212853
0 0 0.211264
0 0 0.21052
0 0 0.209627
0 0 0.204056
0 0 0.200501
0 0 0.197483
0 0 0.196294
0 0 0.195527
0 0 0.193184
0 0 0.191714
0 0 0.191014
0 0 0.190715
0 0 0.189903
0 0 0.187953
0 0 0.187421
0 0 0.186345
0 0 0.186177
0 0 0.186135
0 0 0.184148
0 0 0.184113
0 0 0.183812
0 0 0.18318
0 0 0.182234
0 0 0.182216
0 0 0.180943
0 0 0.17981
0 0 0.17908
0 0 0.175915
0 0 0.174861
0 0 0.174735
0 0 0.174356
0 0 0.173708
0 0 0.172661
0 0 0.170699
0 0 0.168995
0 0 0.168833
0 0 0.165716
0 0 0.165474
0 0 0.164615
0 0 0.164067
0 0 0.163943
0 0 0.162437
0 0 0.160932
0 0 0.160198
0 0 0.159477
0 0 0.158204
0 0 0.157976
0 0 0.157646
0 0 0.157584
0 0 0.157308
0 0 0.156735
0 0 0.156466
0 0 0.155602
0 0 0.155339
0 0 0.154475
0 0 0.153842
0 0 0.153025
0 0 0.152943
0 0 0.152863
0 0 0.152723
0 0 0.152566
0 0 0.152407
0 0 0.15069
0 0 0.150408
0 0 0.150204
0 0 0.15014
0 0 0.149991
0 0 0.149533
0 0 0.148176
0 0 0.148115
0 0 0.1476
0 0 0.14728
0 0 0.146399
0 0 0.145978
0 0 0.145595
0 0 0.145272
0 0 0.144854
0 0 0.144769
0 0 0.144518
0 0 0.144269
0 0 0.144098
0 0 0.14408
0 0 0.143635
0 0 0.143307
0 0 0.141843
0 0 0.141548
0 0 0.141546
0 0 0.141154
0 0 0.140847
0 0 0.140594
0 0 0.139258
0 0 0.138913
0 0 0.138838
0 0 0.138663
0 0 0.138022
0 0 0.137703
0 0 0.137661
0 0 0.137053
0 0 0.136921
0 0 0.136875
0 0 0.136586
0 0 0.13652
0 0 0.136119
0 0 0.135957
0 0 0.135926
0 0 0.135085
0 0 0.134908
0 0 0.133904
0 0 0.133771
0 0 0.133525
0 0 0.133097
0 0 0.132127
0 0 0.131509
0 0 0.131432
0 0 0.131225
0 0 0.130819
0 0 0.130756
0 0 0.130405
0 0 0.13036
0 0 0.13025
0 0 0.129502
0 0 0.129287
0 0 0.128519
0 0 0.128485
0 0 0.128227
0 0 0.127927
0 0 0.127402
0 0 0.127391
0 0 0.127195
0 0 0.12705
0 0 0.126902
0 0 0.126422
0 0 0.126195
0 0 0.12617
0 0 0.125783
0 0 0.125741
0 0 0.12544
0 0 0.125223
0 0 0.123764
0 0 0.123452
0 0 0.123168
0 0 0.122748
0 0 0.122649
0 0 0.122365
0 0 0.122189
0 0 0.121678
0 0 0.121537
0 0 0.121179
0 0 0.121107
0 0 0.120989
0 0 0.120655
0 0 0.120506
0 0 0.120358
0 0 0.120065
0 0 0.120027
0 0 0.119969
0 0 0.119773
0 0 0.119527
0 0 0.119246
0 0 0.118954
0 0 0.118926
0 0 0.118755
0 0 0.118657
0 0 0.118233
0 0 0.117403
0 0 0.117377
0 0 0.117341
0 0 0.117269
0 0 0.117224
0 0 0.116812
0 0 0.116663
0 0 0.116243
0 0 0.115642
0 0 0.115544
0 0 0.115523
0 0 0.11548
0 0 0.115191
0 0 0.114649
0 0 0.114158
0 0 0.114039
0 0 0.113003
0 0 0.112879
0 0 0.112431
0 0 0.11236
0 0 0.112253
0 0 0.11187
0 0 0.111821
0 0 0.111771
0 0 0.111549
0 0 0.111513
0 0 0.111176
0 0 0.110843
0 0 0.110322
0 0 0.110309
0 0 0.110304
0 0 0.110149
0 0 0.109627
0 0 0.109621
0 0 0.109387
0 0 0.108956
0 0 0.108786
0 0 0.108264
0 0 0.108217
0 0 0.107918
0 0 0.107871
0 0 0.107652
0 0 0.106404
1 0.509743 0.616122
0 0 0.106304
0 0 0.106293
0 0 0.105873
0 0 0.105263
0 0 0.105241
0 0 0.104696
0 0 0.104607
0 0 0.103485
0 0 0.103279
0 0 0.103202
0 0 0.103111
0 0 0.102441
0 0 0.101776
0 0 0.10171
0 0 0.101643
0 0 0.101482
0 0 0.101119
0 0 0.100838
0 0 0.100239
0 0 0.0999091
0 0 0.099837
0 0 0.0996334
0 0 0.0991609
0 0 0.0984114
0 0 0.0983988
0 0 0.097844
0 0 0.0973798
0 0 0.095685
0 0 0.0953068
0 0 0.0946459
0 0 0.0941237
0 0 0.092403
0 0 0.0918808
0 0 0.0916871
0 0 0.0915672
0 0 0.091352
0 0 0.0911409
1 0.318265 0.409366
0 0 0.0910053
0 0 0.0905572
0 0 0.0905476
0 0 0.0900805
0 0 0.0899817
0 0 0.0894836
0 0 0.0890999
0 0 0.0890355
0 0 0.0890289
0 0 0.0878006
0 0 0.0876537
0 0 0.0875768
0 0 0.0874056
0 0 0.0871954
0 0 0.0870456
0 0 0.0869512
0 0 0.0861091
0 0 0.085762
0 0 0.0856683
0 0 0.0852754
0 0 0.0849552
0 0 0.084778
0 0 0.0847451
0 0 0.0842157
0 0 0.0840043
0 0 0.083958
0 0 0.0833338
0 0 0.0831375
0 0 0.0830593
0 0 0.082881
0 0 0.0827629
0 0 0.082418
0 0 0.0816703
0 0 0.0810817
0 0 0.0808954
0 0 0.0805862
0 0 0.0799954
0 0 0.0794557
0 0 0.079432
0 0 0.0794266
0 0 0.0794233
0 0 0.0794172
0 0 0.0791159
0 0 0.0777755
0 0 0.0774477
0 0 0.0773632
0 0 0.0772876
0 0 0.0772323
0 0 0.0769064
0 0 0.0746034
0 0 0.0743163
0 0 0.0738452
1 0.375876 0.447626
0 0 0.0717004
0 0 0.0707282
1 0.217482 0.287831
0 0 0.068113
0 0 0.0663262
1 0.626474 0.692365
0 0 0.0604019
1 0.280524 0.340479
1 0.338706 0.398491
1 0.320317 0.378578
0 0 0.0578163
1 0.297073 0.341725
1 0.219887 0.262649
1 0.363215 0.405302
1 0.579272 0.62098
1 0.316378 0.35257
1 0.446061 0.480965
1 0.192437 0.225834
1 0.272737 0.304678
2 0.419052 0.450841
1 0.292015 0.322973
1 0.401309 0.431607
1 0.177217 0.205251
1 0.336331 0.3641
1 0.177874 0.204942
1 0.429802 0.455596
1 0.093384 0.118669
1 0.20439 0.227201
1 0.269468 0.291044
1 0.193899 0.214976
1 0.123957 0.144078
1 0.142766 0.162232
1 0.375866 0.394222
1 0.125899 0.144
1 0.377322 0.39514
1 0.123057 0.14079
1 0.142498 0.16021
1 0.36268 0.380184
1 0.279099 0.296272
1 0.152202 0.168911
1 0.0857519 0.102329
1 0.140482 0.157012
1 0.414316 0.430785
2 0.525419 0.541703
1 0.305266 0.321452
1 0.16289 0.178836
1 0.16167 0.17738
1 0.102481 0.118057
1 0.332457 0.347914
1 0.193202 0.208324
1 0.288317 0.303009
1 0.117016 0.131238
1 0.0831082 0.097201
1 0.13472 0.148554
1 0.100952 0.1146
1 0.126954 0.140314
1 0.203863 0.21712
1 0.34023 0.35328
1 0.333111 0.346106
2 0.200239 0.213221
1 0.100826 0.113764
1 0.127912 0.140662
1 0.12514 0.137806
1 0.12915 0.141797
1 0.0923437 0.104902
1 0.145073 0.157457
1 0.146428 0.158716
1 0.303068 0.315212
1 0.158411 0.17042
1 0.100984 0.112835
1 0.115938 0.127603
1 0.115744 0.127329
1 0.122648 0.134149
1 0.12693 0.138184
1 0.118554 0.129559
1 0.200971 0.211449
2 0.149408 0.159318
1 0.140026 0.149909
1 0.126031 0.135842
1 0.706384 0.716193
1 0.13035 0.140148
1 0.176373 0.185958
1 0.105164 0.114397
1 0.360992 0.370221
2 0.141477 0.150703
1 0.751041 0.760239
1 0.206989 0.216121
1 0.135097 0.144142
1 0.131137 0.139981
1 0.166589 0.175367
1 0.207896 0.216477
1 0.191689 0.200156
1 0.12033 0.128713
2 0.445151 0.453378
1 0.0916616 0.09961
1 0.10899 0.116859
1 0.173809 0.181576
1 0.118069 0.125814
2 0.16812 0.175856
2 0.227143 0.234861
1 0.136444 0.144
1 0.171563 0.179033
1 0.121819 0.129099
1 0.141995 0.149236
1 0.145202 0.152267
1 0.497217 0.504189
1 0.142294 0.149236
1 0.146715 0.153463
2 0.166776 0.173482
1 0.149424 0.156109
2 0.15425 0.160898
1 0.161746 0.168364
1 0.140521 0.147076
2 0.102386 0.108847
1 0.0933122 0.0996732
1 0.132571 0.13892
1 0.123171 0.129164
1 0.131707 0.137637
1 0.108548 0.114402
1 0.156105 0.161942
1 0.188226 0.193998
1 0.106633 0.112384
1 0.26444 0.26997
1 0.121247 0.126717
1 0.135401 0.140784
2 0.130281 0.135616
1 0.194634 0.199925
2 0.115425 0.12071
1 0.109359 0.114472
1 0.123819 0.128854
1 0.0932234 0.0982532
1 0.141601 0.146577
1 0.111768 0.116721
1 0.0957931 0.100731
1 0.0978434 0.102596
2 0.35257 0.357254
1 0.130235 0.134906
1 0.143987 0.148552
1 0.14897 0.15341
1 0.13142 0.135699
2 0.155297 0.159495
1 0.089031 0.0931579
2 0.138251 0.142319
2 0.140849 0.144836
1 0.0885137 0.0924641
1 0.131897 0.135664
1 0.156128 0.159713
1 0.135766 0.13934
2 0.147684 0.151252
1 0.375411 0.378662
1 0.147205 0.150225
1 0.186168 0.189168
1 0.127595 0.130585
1 0.126554 0.129377
1 0.137352 0.14016
1 0.174898 0.17753
1 0.118241 0.120855
1 0.15069 0.153281
1 0.128033 0.130594
1 0.128772 0.131303
2 0.127447 0.129975
1 0.235123 0.237627
1 0.109909 0.112384
2 0.13245 0.134911
2 0.0986384 0.101048
1 0.167343 0.169722
2 0.155746 0.158119
1 0.146732 0.14908
1 0.0944309 0.0967524
1 0.15965 0.161901
2 0.104129 0.106376
1 0.119272 0.121499
1 0.10505 0.107244
1 0.427942 0.430133
1 0.144407 0.146572
1 0.213569 0.2157
1 0.138675 0.140784
1 0.132211 0.134299
1 0.146433 0.148491
1 0.164828 0.166853
1 0.106452 0.108469
1 0.129731 0.131715
2 0.150331 0.152299
2 0.163395 0.165205
2 0.153305 0.155107
1 0.147453 0.149236
2 0.218482 0.220221
2 0.200901 0.202595
1 0.171313 0.172981
1 0.0950731 0.0967325
1 0.0930903 0.094748
1 0.0933793 0.0949708
1 0.176649 0.178237
1 0.176231 0.177753
2 0.336375 0.337788
2 0.2183 0.219524
1 0.0955702 0.0967524
1 0.124142 0.125297
2 0.140486 0.141591
1 0.0976341 0.0986828
1 0.187193 0.18823
2 0.113308 0.114336
2 0.13565 0.136541
2 0.144 0.144836
1 0.402654 0.403369
2 0.13453 0.135242
1 0.115903 0.116605
2 0.10569 0.106376
2 0.160495 0.161129
1 0.151479 0.152083
1 0.154111 0.154673
1 0.156298 0.156803
1 0.181225 0.181731
2 0.171383 0.17187
1 0.155686 0.156155
1 0.123678 0.124078
1 0.0947742 0.0949708
1 0.14075 0.140931
1 0.108067 0.108224
1 0.228836 0.228951
1 0.140917 0.140972
1 0.12459 0.124616
2 0.118669 0.118673
