0 0 inf
0 0 inf
0 0 inf
0 0 inf
0 0 inf
0 0 inf
0 0 inf
0 0 inf
0 0 inf
0 0 inf
0 0 inf
0 0 inf
0 0 inf
0 0 inf
0 0 inf
0 0 inf
0 0 inf
0 0 inf
0 0 inf
0 0 inf
0 0 inf
1 0.767663 inf
0 0 0.782916
0 0 0.769661
0 0 0.76646
0 0 0.76263
0 0 0.751023
0 0 0.733389
0 0 0.720554
0 0 0.715151
0 0 0.711521
0 0 0.711011
0 0 0.675198
0 0 0.668812
0 0 0.663962
0 0 0.649761
0 0 0.645168
0 0 0.633216
0 0 0.630134
0 0 0.625014
0 0 0.601037
0 0 0.599683
0 0 0.599164
0 0 0.591912
0 0 0.591522
0 0 0.568477
0 0 0.566825
0 0 0.565618
0 0 0.562173
0 0 0.55685
0 0 0.556618
0 0 0.556493
0 0 0.545963
0 0 0.539694
0 0 0.538409
0 0 0.536717
0 0 0.533228
0 0 0.529842
0 0 0.523633
0 0 0.522249
0 0 0.52126
0 0 0.519546
0 0 0.504222
0 0 0.502856
0 0 0.502047
0 0 0.497873
0 0 0.49521
0 0 0.49414
0 0 0.492553
0 0 0.489535
0 0 0.488919
0 0 0.488603
0 0 0.488584
0 0 0.483152
0 0 0.481927
0 0 0.469072
0 0 0.465916
0 0 0.463216
0 0 0.461039
0 0 0.459669
0 0 0.45668
0 0 0.45606
0 0 0.455691
0 0 0.452832
0 0 0.451351
0 0 0.445862
0 0 0.44226
0 0 0.440362
0 0 0.439819
0 0 0.438434
0 0 0.434715
0 0 0.433799
0 0 0.431727
0 0 0.431537
0 0 0.431046
0 0 0.430843
0 0 0.430621
0 0 0.428403
0 0 0.424629
0 0 0.423429
0 0 0.421657
0 0 0.421603
0 0 0.420699
0 0 0.419785
0 0 0.416114
0 0 0.414522
0 0 0.412601
0 0 0.410472
0 0 0.40979
0 0 0.404978
0 0 0.399958
0 0 0.399748
0 0 0.398214
0 0 0.39776
0 0 0.394644
0 0 0.391361
0 0 0.389223
0 0 0.388353
0 0 0.388147
0 0 0.388065
0 0 0.383259
0 0 0.383202
0 0 0.381778
0 0 0.380071
0 0 0.378565
0 0 0.377658
0 0 0.377446
0 0 0.377082
0 0 0.372882
0 0 0.372773
0 0 0.372265
0 0 0.372058
0 0 0.371727
0 0 0.370232
0 0 0.369941
0 0 0.366975
0 0 0.366749
0 0 0.362715
0 0 0.362619
0 0 0.362602
0 0 0.362454
0 0 0.36234
0 0 0.361408
0 0 0.360985
0 0 0.360907
0 0 0.359829
0 0 0.358112
0 0 0.356596
0 0 0.355946
0 0 0.355712
0 0 0.3556
0 0 0.354301
0 0 0.352974
0 0 0.352458
0 0 0.351506
0 0 0.350865
0 0 0.349472
0 0 0.347111
0 0 0.34708
0 0 0.34613
0 0 0.345819
0 0 0.345009
0 0 0.344901
0 0 0.344013
0 0 0.343142
0 0 0.339979
0 0 0.339822
0 0 0.338516
0 0 0.332596
0 0 0.332277
0 0 0.328253
0 0 0.327172
0 0 0.323427
0 0 0.323404
0 0 0.322589
0 0 0.321814
0 0 0.321666
0 0 0.32076
0 0 0.320414
0 0 0.319648
0 0 0.319543
0 0 0.318576
0 0 0.317421
0 0 0.317092
0 0 0.316404
0 0 0.313643
0 0 0.310919
0 0 0.310769
0 0 0.310457
0 0 0.307929
0 0 0.305658
0 0 0.305322
0 0 0.304212
0 0 0.303443
0 0 0.303343
0 0 0.301882
0 0 0.300892
0 0 0.300688
0 0 0.300469
0 0 0.298968
0 0 0.298595
0 0 0.295905
0 0 0.295277
0 0 0.292896
0 0 0.291606
0 0 0.289333
0 0 0.289076
0 0 0.286894
0 0 0.285975
0 0 0.285851
0 0 0.285391
0 0 0.284963
0 0 0.282691
0 0 0.280158
0 0 0.27957
0 0 0.27939
0 0 0.27874
0 0 0.278219
0 0 0.278073
0 0 0.276919
0 0 0.276668
0 0 0.275693
0 0 0.275206
0 0 0.2726
0 0 0.26978
0 0 0.263726
0 0 0.263382
0 0 0.262972
0 0 0.262813
0 0 0.262724
0 0 0.262473
0 0 0.262137
0 0 0.261649
0 0 0.2613
0 0 0.261157
0 0 0.260823
0 0 0.260611
0 0 0.258401
0 0 0.256652
0 0 0.256244
0 0 0.254889
0 0 0.254752
0 0 0.253818
0 0 0.253803
0 0 0.252297
0 0 0.250223
0 0 0.249987
0 0 0.249555
0 0 0.248571
0 0 0.246624
0 0 0.24595
0 0 0.24482
0 0 0.24374
0 0 0.243619
0 0 0.24287
0 0 0.241115
0 0 0.238652
0 0 0.238633
0 0 0.238406
0 0 0.235509
0 0 0.233513
0 0 0.232004
0 0 0.231679
0 0 0.231129
0 0 0.229892
0 0 0.228773
0 0 0.228661
0 0 0.227698
0 0 0.227656
0 0 0.225905
0 0 0.224864
0 0 0.223093
0 0 0.22167
0 0 0.22155
0 0 0.22102
0 0 0.220781
0 0 0.219912
0 0 0.21984
0 0 0.219547
0 0 0.218665
0 0 0.217647
0 0 0.215839
0 0 0.215264
0 0 0.215023
0 0 0.214648
0 0 0.213973
0 0 0.213891
0 0 0.212986
0 0 0.212732
0 0 0.211795
0 0 0.211764
0 0 0.211719
0 0 0.209093
0 0 0.208925
0 0 0.207798
0 0 0.207551
0 0 0.207221
0 0 0.205364
0 0 0.204638
0 0 0.204195
0 0 0.203809
0 0 0.201348
0 0 0.200207
0 0 0.199873
0 0 0.199674
0 0 0.199149
0 0 0.198991
0 0 0.198158
0 0 0.198148
0 0 0.197603
0 0 0.196488
0 0 0.195729
0 0 0.195268
0 0 0.195111
0 0 0.194677
0 0 0.194071
0 0 0.193192
0 0 0.192546
0 0 0.192118
0 0 0.191615
0 0 0.191179
0 0 0.190673
0 0 0.190672
0 0 0.190563
0 0 0.190009
0 0 0.189491
0 0 0.189333
0 0 0.189108
0 0 0.188614
0 0 0.188599
0 0 0.187468
0 0 0.187441
0 0 0.186757
0 0 0.186156
0 0 0.186114
0 0 0.185658
0 0 0.185277
0 0 0.184801
0 0 0.184281
0 0 0.184099
0 0 0.18376
0 0 0.182615
0 0 0.182023
0 0 0.179616
0 0 0.178288
0 0 0.178272
0 0 0.176948
0 0 0.176405
0 0 0.174859
0 0 0.174465
0 0 0.173935
0 0 0.1732
0 0 0.173077
0 0 0.172268
0 0 0.172231
0 0 0.169454
0 0 0.168267
0 0 0.167314
0 0 0.167141
0 0 0.165124
0 0 0.164662
0 0 0.163996
0 0 0.163687
0 0 0.163428
0 0 0.162532
0 0 0.161729
0 0 0.161159
0 0 0.160778
0 0 0.158191
0 0 0.1572
0 0 0.155753
0 0 0.154897
0 0 0.154171
0 0 0.153175
0 0 0.148633
0 0 0.148292
0 0 0.148106
0 0 0.147338
0 0 0.145849
0 0 0.142256
0 0 0.14031
0 0 0.134785
0 0 0.133424
0 0 0.130982
0 0 0.128075
0 0 0.125649
0 0 0.125619
0 0 0.125557
0 0 0.124166
0 0 0.123639
0 0 0.121147
0 0 0.120878
0 0 0.117794
0 0 0.111809
0 0 0.110863
0 0 0.109842
0 0 0.105429
0 0 0.103511
0 0 0.10103
1 0.291088 0.389917
1 0.506758 0.604919
0 0 0.092721
1 0.36824 0.458857
1 0.570424 0.656905
0 0 0.0861282
1 0.495457 0.579153
1 0.465854 0.549348
1 0.534175 0.617505
1 0.362659 0.445782
2 0.513571 0.595455
1 0.344369 0.420254
1 0.329262 0.401608
1 0.393353 0.46337
1 0.49844 0.565722
1 0.291447 0.358055
1 0.281386 0.346824
1 0.238904 0.300484
1 0.470159 0.528262
1 0.227449 0.284375
1 0.369803 0.425656
1 0.416818 0.47155
1 0.607554 0.661198
1 0.381946 0.435484
2 0.405651 0.45883
1 0.602642 0.655462
1 0.347676 0.399846
1 0.312602 0.364307
1 0.389646 0.440907
1 0.342017 0.392452
1 0.614105 0.662781
1 0.559419 0.608064
1 0.402213 0.450669
1 0.461133 0.509228
1 0.474396 0.522476
1 0.513287 0.561365
1 0.5167 0.564517
1 0.447548 0.494746
1 0.450446 0.497204
1 0.315 0.36174
1 0.535413 0.580521
1 0.301961 0.346428
1 0.331872 0.376029
1 0.373935 0.416792
1 0.239402 0.281005
1 0.404342 0.444877
1 0.416708 0.456724
1 0.346259 0.386266
1 0.546018 0.584355
1 0.319282 0.357022
2 0.444188 0.480572
1 0.261198 0.296175
1 0.453406 0.487889
1 0.500268 0.534066
1 0.570637 0.604324
1 0.228253 0.261392
1 0.555124 0.588077
1 0.443202 0.474921
1 0.564755 0.59609
1 0.231347 0.262619
1 0.378374 0.409401
1 0.296781 0.327134
1 0.354904 0.384418
1 0.569927 0.599328
1 0.352204 0.381363
1 0.37408 0.403187
1 0.259438 0.288448
1 0.330596 0.359604
1 0.430127 0.458687
2 0.616839 0.645247
2 0.628436 0.656619
1 0.333926 0.36201
1 0.547057 0.574753
1 0.337213 0.36481
1 0.482149 0.508715
1 0.214115 0.240417
1 0.300131 0.326135
1 0.550312 0.574753
1 0.216072 0.240469
1 0.186132 0.210216
1 0.217352 0.241391
1 0.425818 0.449686
1 0.332615 0.356431
2 0.460445 0.484093
1 0.639303 0.662781
1 0.518687 0.54211
1 0.373918 0.397041
2 0.631338 0.654365
2 0.582421 0.60505
2 0.601413 0.623881
1 0.431181 0.452995
1 0.228575 0.250213
1 0.30703 0.328499
1 0.345189 0.366406
1 0.232438 0.253421
1 0.297436 0.318379
2 0.453476 0.474349
1 0.523376 0.544105
1 0.363302 0.383884
1 0.249758 0.270102
1 0.238381 0.258418
1 0.305603 0.325205
1 0.277103 0.296636
1 0.357716 0.377174
1 0.38766 0.406999
1 0.507437 0.526762
2 0.418417 0.437374
1 0.215914 0.234757
1 0.216177 0.234934
1 0.627029 0.64552
2 0.392407 0.410881
2 0.699005 0.717125
2 0.580521 0.598595
1 0.216808 0.234587
2 0.264873 0.282622
1 0.353764 0.37073
1 0.499029 0.51586
1 0.198519 0.215341
1 0.168068 0.184884
1 0.399444 0.416248
1 0.237703 0.254438
1 0.373825 0.390283
1 0.391614 0.408069
1 0.214016 0.230054
1 0.29681 0.312595
1 0.225848 0.241391
1 0.229246 0.24456
2 0.415887 0.431107
2 0.355515 0.370639
1 0.488197 0.503194
1 0.293537 0.308484
1 0.285314 0.300257
1 0.223164 0.237803
1 0.249306 0.263826
1 0.267525 0.282007
2 0.329709 0.344146
1 0.185075 0.199491
1 0.260247 0.274449
1 0.337476 0.351586
1 0.548618 0.562651
1 0.487414 0.500696
1 0.412584 0.425842
1 0.271281 0.284471
1 0.154457 0.167463
1 0.379122 0.392113
1 0.320733 0.333251
1 0.521734 0.534066
1 0.455997 0.4683
1 0.35227 0.364554
1 0.515048 0.52703
1 0.223164 0.235106
2 0.34563 0.357398
1 0.544609 0.556236
1 0.358985 0.370495
1 0.191378 0.202207
1 0.360832 0.370856
1 0.340295 0.350202
2 0.589584 0.599172
1 0.486338 0.495794
1 0.347042 0.356198
1 0.299078 0.308104
1 0.567427 0.576163
2 0.441608 0.45032
1 0.355646 0.364261
1 0.323492 0.331998
1 0.184775 0.193233
2 0.371624 0.379959
1 0.402721 0.410919
1 0.240023 0.248076
1 0.1722 0.1802
2 0.282372 0.290168
2 0.338141 0.345704
2 0.295197 0.302499
1 0.360125 0.36741
1 0.311816 0.318838
1 0.236525 0.243365
1 0.337452 0.344047
1 0.323599 0.330187
1 0.227669 0.234162
1 0.763499 0.769687
1 0.175755 0.181731
1 0.417149 0.423111
2 0.381706 0.387464
1 0.378489 0.383319
1 0.241253 0.246049
2 0.67677 0.681556
1 0.234363 0.238838
2 0.325622 0.330002
1 0.289804 0.294154
1 0.214389 0.21872
1 0.378155 0.382421
1 0.696694 0.70095
1 0.222701 0.22683
1 0.523792 0.527878
1 0.421809 0.425821
1 0.273548 0.277467
2 0.292082 0.295864
1 0.310637 0.314258
2 0.447889 0.451394
1 0.270095 0.273542
2 0.545413 0.548799
2 0.324554 0.327607
2 0.278007 0.280961
2 0.380729 0.38361
1 0.280481 0.283358
1 0.363067 0.36577
1 0.634024 0.636715
2 0.256265 0.258894
1 0.565066 0.567477
1 0.556836 0.559244
2 0.350801 0.353031
1 0.554416 0.556606
1 0.323438 0.325622
2 0.275776 0.277861
1 0.41412 0.416058
1 0.419813 0.421658
1 0.43354 0.435383
2 0.270226 0.271929
1 0.432513 0.433985
2 0.347861 0.349271
2 0.416828 0.418235
2 0.577697 0.57906
2 0.332113 0.333307
1 0.333959 0.335093
1 0.39886 0.399909
1 0.305443 0.306455
1 0.415301 0.416046
1 0.580473 0.581057
1 0.65133 0.651861
1 0.56393 0.564276
1 0.220588 0.22088
2 0.374953 0.375135
1 0.190694 0.190835
