0 0 inf
0 0 0.721348
0 0 0.608259
0 0 0.584371
0 0 0.532646
0 0 0.527127
0 0 0.417176
0 0 0.326308
0 0 0.31621
0 0 0.29899
0 0 0.291899
0 0 0.280755
0 0 0.277879
0 0 0.276907
0 0 0.266972
0 0 0.264035
0 0 0.258163
0 0 0.254906
0 0 0.251077
0 0 0.249501
0 0 0.248207
0 0 0.225892
0 0 0.22082
0 0 0.217318
0 0 0.216147
0 0 0.214426
0 0 0.210939
0 0 0.206737
0 0 0.203809
0 0 0.202442
0 0 0.200145
0 0 0.197398
0 0 0.1973
0 0 0.19674
0 0 0.192248
0 0 0.188412
0 0 0.185911
0 0 0.183633
0 0 0.182144
0 0 0.18074
0 0 0.179828
0 0 0.178563
0 0 0.175636
0 0 0.175574
0 0 0.171956
0 0 0.171051
0 0 0.168796
0 0 0.166951
0 0 0.16661
0 0 0.166592
0 0 0.165346
0 0 0.161366
0 0 0.161199
0 0 0.159097
0 0 0.15543
0 0 0.155286
0 0 0.154465
0 0 0.153196
0 0 0.150706
0 0 0.150031
0 0 0.147748
0 0 0.147672
0 0 0.147125
0 0 0.14712
0 0 0.146776
0 0 0.146484
0 0 0.1453
0 0 0.141836
0 0 0.141596
0 0 0.141131
0 0 0.138613
0 0 0.138522
0 0 0.138283
0 0 0.136997
0 0 0.134244
0 0 0.133671
0 0 0.132231
0 0 0.128962
0 0 0.126847
0 0 0.12672
0 0 0.126687
0 0 0.126564
0 0 0.126476
0 0 0.126169
0 0 0.125049
0 0 0.123266
0 0 0.123112
0 0 0.122919
0 0 0.122809
0 0 0.122294
0 0 0.121508
0 0 0.119824
0 0 0.119419
0 0 0.118835
0 0 0.118753
0 0 0.114888
0 0 0.114402
0 0 0.114084
0 0 0.113001
0 0 0.111473
0 0 0.111083
0 0 0.110319
0 0 0.110042
0 0 0.107026
0 0 0.10681
0 0 0.106276
0 0 0.105567
0 0 0.105413
0 0 0.105269
0 0 0.1051
0 0 0.104993
0 0 0.10483
0 0 0.103388
0 0 0.101425
0 0 0.101424
0 0 0.100801
0 0 0.100668
0 0 0.100357
0 0 0.100073
0 0 0.0998654
0 0 0.0992902
0 0 0.0992539
0 0 0.0987313
0 0 0.098244
0 0 0.0980049
0 0 0.0974169
0 0 0.0973168
0 0 0.0968588
0 0 0.0950209
0 0 0.0941813
0 0 0.093903
0 0 0.093464
1 0.272034 0.364864
0 0 0.0928255
0 0 0.0926099
0 0 0.0926059
0 0 0.0920206
0 0 0.0909573
0 0 0.0901827
0 0 0.0895513
0 0 0.0887092
0 0 0.0886911
0 0 0.0885803
0 0 0.0878518
0 0 0.0871743
0 0 0.0868869
0 0 0.0863767
0 0 0.0860351
0 0 0.0859368
0 0 0.0859265
0 0 0.08585
0 0 0.0853625
0 0 0.085088
0 0 0.0845557
0 0 0.0844272
0 0 0.0844145
0 0 0.0843841
0 0 0.0843082
0 0 0.0838607
0 0 0.083577
0 0 0.0833229
0 0 0.0829229
0 0 0.0825637
0 0 0.0824685
0 0 0.0824133
0 0 0.0820759
0 0 0.0820676
0 0 0.0819023
0 0 0.0818695
0 0 0.081791
0 0 0.0814756
0 0 0.0811966
0 0 0.0809991
0 0 0.0804597
0 0 0.0800606
0 0 0.0799472
0 0 0.0798148
0 0 0.079572
0 0 0.0794216
0 0 0.0791405
0 0 0.0788667
0 0 0.0788306
0 0 0.0787853
0 0 0.0787271
0 0 0.0787032
0 0 0.0786746
0 0 0.078581
0 0 0.0777193
0 0 0.0776896
0 0 0.077545
0 0 0.0772096
0 0 0.0771263
0 0 0.0771237
0 0 0.0765438
0 0 0.0765226
0 0 0.0760846
0 0 0.0760177
0 0 0.0759842
0 0 0.0758092
0 0 0.0755103
0 0 0.0754979
0 0 0.0753908
0 0 0.0747785
0 0 0.0747137
0 0 0.0746902
0 0 0.0746413
0 0 0.0745844
0 0 0.074386
0 0 0.0741084
0 0 0.0738906
0 0 0.073885
0 0 0.0736697
0 0 0.0735378
0 0 0.0735119
0 0 0.0734858
0 0 0.0729437
0 0 0.0726637
0 0 0.0726581
0 0 0.0726529
0 0 0.0725088
0 0 0.0722505
0 0 0.072223
0 0 0.0721669
0 0 0.072082
0 0 0.072061
0 0 0.0719416
0 0 0.0718521
0 0 0.0718413
0 0 0.0717116
0 0 0.0716604
0 0 0.071294
0 0 0.0711937
0 0 0.0709775
0 0 0.0709172
0 0 0.0707136
0 0 0.0706498
0 0 0.0705959
0 0 0.0705285
0 0 0.0702786
0 0 0.0702147
0 0 0.0698233
0 0 0.0696709
0 0 0.0695659
0 0 0.0694854
0 0 0.0690312
0 0 0.0689284
0 0 0.068798
0 0 0.0687127
0 0 0.068679
0 0 0.0684863
0 0 0.0679556
0 0 0.0678496
0 0 0.0677596
0 0 0.0676865
0 0 0.0674766
0 0 0.0672621
0 0 0.067076
0 0 0.0670627
0 0 0.0668879
0 0 0.066843
0 0 0.0660342
0 0 0.0658696
0 0 0.0654297
0 0 0.065406
0 0 0.0651682
0 0 0.0651438
0 0 0.0649491
0 0 0.0649427
0 0 0.0648703
0 0 0.0648307
0 0 0.0647991
0 0 0.06464
0 0 0.064558
0 0 0.0645114
0 0 0.0644979
0 0 0.0639923
0 0 0.0639633
0 0 0.0635732
0 0 0.063476
0 0 0.0634397
0 0 0.0634103
0 0 0.0632296
0 0 0.0631601
0 0 0.0628265
0 0 0.0625441
0 0 0.0623583
0 0 0.0623529
0 0 0.0618928
0 0 0.0616444
0 0 0.0616076
0 0 0.0615686
0 0 0.0614601
0 0 0.0614151
0 0 0.0612683
0 0 0.06121
0 0 0.0611895
0 0 0.0610827
0 0 0.0610694
0 0 0.0610323
0 0 0.0610262
0 0 0.0609798
0 0 0.0609707
0 0 0.0608429
0 0 0.0607102
0 0 0.0606652
0 0 0.060632
0 0 0.0605998
0 0 0.0604424
0 0 0.0604231
0 0 0.0600741
0 0 0.0598152
0 0 0.0597861
0 0 0.0597486
0 0 0.0597105
0 0 0.0595098
0 0 0.0594777
0 0 0.0594402
0 0 0.0594179
0 0 0.0593352
0 0 0.0593261
0 0 0.0592155
0 0 0.0591729
0 0 0.0591305
0 0 0.0590285
0 0 0.0587376
0 0 0.0586775
0 0 0.0586089
0 0 0.0585727
0 0 0.0581724
0 0 0.0580632
0 0 0.0579924
0 0 0.0578435
0 0 0.0577849
0 0 0.0577237
0 0 0.0577226
0 0 0.0577207
0 0 0.0576939
0 0 0.0575127
0 0 0.057472
0 0 0.0574047
0 0 0.0571249
0 0 0.0570488
0 0 0.056793
0 0 0.0567877
0 0 0.0567048
0 0 0.0566914
0 0 0.0566793
0 0 0.0563369
0 0 0.0560896
0 0 0.056081
0 0 0.0558482
0 0 0.0557676
0 0 0.0556201
0 0 0.0554666
0 0 0.0554404
0 0 0.055343
0 0 0.0551824
0 0 0.0546425
0 0 0.054541
0 0 0.0544215
0 0 0.0543629
0 0 0.0542694
0 0 0.0540898
0 0 0.0538911
0 0 0.0538334
0 0 0.0537335
0 0 0.0537169
0 0 0.0536559
0 0 0.0535416
0 0 0.0531629
0 0 0.0531524
0 0 0.0525615
0 0 0.0523275
0 0 0.0521322
0 0 0.0520688
0 0 0.0511634
0 0 0.0507852
0 0 0.0505998
0 0 0.0505723
0 0 0.0504857
0 0 0.0499472
0 0 0.0498994
0 0 0.0496151
0 0 0.0495388
0 0 0.0493671
0 0 0.0487138
0 0 0.0485197
0 0 0.0477057
0 0 0.0471063
0 0 0.046905
0 0 0.046009
0 0 0.0459302
0 0 0.0455886
0 0 0.0455774
0 0 0.0454247
0 0 0.0441413
0 0 0.0437124
0 0 0.0433813
0 0 0.0423219
1 0.30672 0.346663
0 0 0.0362251
0 0 0.0353597
1 0.225985 0.253563
1 0.218781 0.245601
1 0.0873974 0.109121
1 0.142187 0.16206
1 0.135756 0.155288
1 0.196303 0.214413
1 0.198473 0.216511
1 0.102369 0.118378
1 0.0645489 0.0804888
1 0.0634438 0.0792457
1 0.0760253 0.0916901
1 0.198528 0.214028
1 0.0823129 0.0976803
1 0.070739 0.0860671
1 0.0752528 0.0903343
1 0.0646503 0.0793189
1 0.0713598 0.0859456
1 0.0614966 0.0759861
1 0.0649839 0.079397
1 0.0824844 0.0968445
1 0.143944 0.158208
1 0.0811115 0.0943215
1 0.107007 0.120185
1 0.0723315 0.085243
1 0.131627 0.144238
1 0.0764373 0.0889165
1 0.102827 0.115156
1 0.0840566 0.0963709
1 0.0648278 0.0767933
1 0.063982 0.0758458
1 0.233315 0.245018
1 0.101609 0.113274
1 0.0999974 0.111452
1 0.128627 0.140015
1 0.0919822 0.10308
1 0.0705296 0.0815801
1 0.25031 0.261058
1 0.100437 0.11115
1 0.0732525 0.0836777
1 0.145614 0.15602
1 0.0715901 0.0816947
1 0.0684305 0.0784565
1 0.0875353 0.0973556
1 0.136248 0.146008
1 0.0711198 0.0808192
1 0.138875 0.148021
1 0.0876162 0.0965765
1 0.069342 0.0782511
1 0.104948 0.113737
1 0.0623383 0.0710652
1 0.22606 0.234622
1 0.0713053 0.0796943
1 0.0650654 0.0733496
1 0.0683834 0.0765819
1 0.0845237 0.0927017
1 0.0673868 0.0755569
1 0.149338 0.157507
1 0.0842986 0.092421
1 0.0686097 0.0766607
1 0.0592829 0.067332
1 0.150374 0.158283
1 0.0643907 0.0722117
1 0.0737453 0.0815391
1 0.131149 0.138922
1 0.133675 0.141433
1 0.0703712 0.078115
1 0.107807 0.115513
2 0.0906414 0.0983365
1 0.102503 0.110004
1 0.0685587 0.0760424
1 0.0843551 0.0917797
1 0.0775462 0.0848991
1 0.0798781 0.087162
1 0.0624126 0.0696628
1 0.074354 0.0814117
1 0.0647761 0.0717448
1 0.0843697 0.091279
1 0.0854762 0.0923607
1 0.0754789 0.0823188
1 0.0722203 0.0787315
2 0.0929919 0.0994991
1 0.0754709 0.0819482
1 0.0918476 0.098226
1 0.0749163 0.0812665
1 0.073177 0.0795091
1 0.0621126 0.0684265
1 0.0747735 0.0810843
1 0.0990951 0.105356
1 0.107615 0.113754
2 0.0947847 0.100554
1 0.0842574 0.0897437
1 0.104141 0.109565
1 0.0807251 0.0861483
1 0.0741014 0.0795091
1 0.0737041 0.0791005
1 0.0745434 0.0799285
1 0.156512 0.161894
1 0.0873025 0.0926609
1 0.0703442 0.0756585
1 0.068801 0.0740777
1 0.0629415 0.068199
1 0.0733293 0.0785615
1 0.0810168 0.0862394
2 0.0763132 0.0815098
1 0.0663494 0.0714417
2 0.0809628 0.0860468
1 0.127315 0.132373
1 0.0671485 0.0721906
1 0.0679233 0.0729504
2 0.0899137 0.0949398
2 0.0824457 0.0873261
1 0.0744629 0.079294
1 0.0635567 0.0683683
1 0.0743807 0.0791881
1 0.0680539 0.0728467
1 0.0708799 0.0756014
1 0.111565 0.116276
1 0.0739501 0.0786453
2 0.149957 0.154576
1 0.0693555 0.0739532
2 0.0913071 0.095904
2 0.0926576 0.097225
1 0.0736635 0.0781639
1 0.0694164 0.0738762
1 0.0874713 0.0919082
1 0.084587 0.0889897
2 0.0789013 0.0832873
2 0.0817991 0.0861375
1 0.0696229 0.0739532
1 0.0676502 0.0719751
1 0.0737653 0.0779083
2 0.089751 0.0938821
2 0.0772108 0.0813336
1 0.0715767 0.0756434
1 0.0775941 0.0816591
2 0.0817991 0.085776
1 0.0850143 0.0889897
2 0.0797159 0.0836701
2 0.0793189 0.083273
1 0.0762241 0.0801719
1 0.0607849 0.0647223
1 0.0835591 0.0874877
1 0.0684725 0.0723348
1 0.0937733 0.0976127
1 0.0637135 0.0675368
2 0.0985019 0.102317
1 0.0844254 0.0882158
1 0.06544 0.0692035
1 0.0680542 0.0718042
1 0.0609369 0.0646367
1 0.0749771 0.0786233
1 0.068383 0.0719751
1 0.0734169 0.076987
1 0.0907926 0.0943094
1 0.0740924 0.0775411
1 0.0708467 0.0742786
1 0.0873439 0.0907127
1 0.0811524 0.0845142
2 0.0686737 0.0719992
1 0.0915089 0.0947847
1 0.0773489 0.080621
1 0.0981747 0.10143
2 0.0757837 0.0790312
1 0.0780808 0.0812881
2 0.0886575 0.0917722
1 0.096383 0.0994929
1 0.176514 0.17955
1 0.0744382 0.077469
1 0.0704222 0.0734446
2 0.0918543 0.09487
1 0.107347 0.110328
1 0.0654232 0.0683683
1 0.107447 0.110328
2 0.079198 0.0820194
2 0.0928929 0.0956693
1 0.0714959 0.0742173
1 0.0848921 0.0876074
1 0.0884023 0.0911031
2 0.1187 0.12133
1 0.066909 0.0694724
1 0.0731321 0.0756434
1 0.082285 0.0847281
1 0.24261 0.245018
1 0.0762002 0.0785985
1 0.0742787 0.0766607
1 0.0648363 0.0671311
1 0.0867098 0.0889804
2 0.0836777 0.0859191
1 0.0689537 0.0711531
1 0.0754888 0.0776622
2 0.0752309 0.0773016
2 0.0910777 0.0931289
1 0.0788037 0.0808225
2 0.121757 0.123736
1 0.065601 0.0675774
1 0.0711079 0.0730828
1 0.244205 0.246175
1 0.108217 0.110183
1 0.112278 0.114226
1 0.0711423 0.0730828
1 0.0824881 0.0843856
2 0.110462 0.112338
2 0.0772791 0.0791538
2 0.0764128 0.0782771
1 0.0755542 0.0774162
2 0.0876951 0.0895468
2 0.0743278 0.0761367
2 0.0855144 0.0873179
2 0.107679 0.109477
1 0.0811512 0.0829428
1 0.0857142 0.0874657
1 0.0688998 0.0706326
2 0.0743278 0.0760371
2 0.0821335 0.0838398
2 0.093114 0.0948086
1 0.0840909 0.0857833
1 0.0713067 0.0729553
1 0.0789355 0.0804595
1 0.0866938 0.0881356
2 0.0783217 0.0797621
1 0.0751225 0.0764375
2 0.0824006 0.0836609
2 0.105033 0.106277
2 0.0773712 0.0785977
1 0.0781741 0.079378
2 0.079 0.0801835
1 0.0672473 0.0683753
2 0.0907662 0.0918907
1 0.061784 0.0628951
2 0.14863 0.149644
1 0.0978486 0.0988001
1 0.0839707 0.0848853
2 0.0809145 0.0818269
1 0.0690451 0.0699179
1 0.0801855 0.0810459
2 0.113954 0.114814
2 0.0897435 0.0905965
1 0.0868113 0.0876492
1 0.0607826 0.0616146
1 0.071704 0.0724858
2 0.112153 0.112923
1 0.0814487 0.0821616
1 0.0751319 0.0758075
1 0.0743641 0.0750257
1 0.0750318 0.0756585
2 0.0803607 0.0809731
2 0.0897255 0.0902976
2 0.0778187 0.0783813
2 0.0841427 0.0846889
1 0.0804001 0.080896
1 0.0596609 0.0601423
1 0.0675762 0.0679932
2 0.0781811 0.0785977
1 0.0845688 0.0849362
1 0.0721146 0.0724382
2 0.0944645 0.0947706
1 0.117453 0.117749
1 0.0670985 0.0673942
2 0.0792559 0.0795091
1 0.0946965 0.0949145
1 0.1399 0.140093
2 0.0959842 0.0961762
1 0.0712404 0.0713879
2 0.0765819 0.0767257
2 0.0785513 0.0786695
1 0.110222 0.110328
2 0.0844914 0.0845414
2 0.0788019 0.0788469
2 0.0788939 0.0789283
1 0.0745046 0.0745205
1 0.0975163 0.0975271
2 0.0826901 0.082699
1 0.0635923 0.0636002
1 0.0729507 0.0729553
