1 0.760935 inf
0 0 inf
0 0 inf
0 0 inf
0 0 inf
0 0 inf
0 0 inf
0 0 0.761509
0 0 0.679012
0 0 0.674097
0 0 0.652832
0 0 0.638349
0 0 0.605045
0 0 0.563364
0 0 0.561361
0 0 0.553022
0 0 0.543819
0 0 0.511631
0 0 0.507509
0 0 0.50126
0 0 0.481797
0 0 0.479902
0 0 0.471117
0 0 0.460084
0 0 0.45943
0 0 0.455988
0 0 0.446155
0 0 0.445902
0 0 0.433811
0 0 0.430179
0 0 0.429163
0 0 0.421541
0 0 0.415242
0 0 0.407451
0 0 0.397949
0 0 0.387967
0 0 0.384125
0 0 0.382735
0 0 0.377205
0 0 0.36591
0 0 0.362981
0 0 0.362029
0 0 0.35577
0 0 0.340389
0 0 0.339363
0 0 0.338707
0 0 0.337239
0 0 0.336717
0 0 0.336472
0 0 0.33047
0 0 0.330157
0 0 0.329725
0 0 0.318105
0 0 0.317874
0 0 0.314418
0 0 0.3103
0 0 0.305119
0 0 0.304297
0 0 0.30381
0 0 0.300693
0 0 0.298459
0 0 0.297749
0 0 0.295066
0 0 0.283237
0 0 0.28045
0 0 0.279731
0 0 0.279651
0 0 0.27856
0 0 0.27659
0 0 0.274381
0 0 0.274248
0 0 0.274154
0 0 0.273767
0 0 0.269622
0 0 0.268345
0 0 0.265784
0 0 0.265453
0 0 0.263941
0 0 0.263322
0 0 0.263165
0 0 0.263154
0 0 0.261969
0 0 0.261499
0 0 0.25728
0 0 0.254916
0 0 0.254751
0 0 0.254285
0 0 0.252998
0 0 0.252463
0 0 0.251803
0 0 0.248966
0 0 0.248321
0 0 0.246056
0 0 0.245911
0 0 0.245822
0 0 0.24527
0 0 0.243923
0 0 0.243708
0 0 0.243382
0 0 0.242929
0 0 0.242395
0 0 0.241844
0 0 0.240726
0 0 0.236467
0 0 0.235269
0 0 0.23447
0 0 0.234224
0 0 0.233892
0 0 0.233392
0 0 0.233239
0 0 0.232952
0 0 0.232576
0 0 0.232573
0 0 0.232556
0 0 0.232013
0 0 0.231762
0 0 0.229443
0 0 0.228825
0 0 0.227964
0 0 0.225213
0 0 0.224542
0 0 0.224301
0 0 0.224185
0 0 0.222793
0 0 0.221625
0 0 0.220944
0 0 0.220922
0 0 0.219591
0 0 0.218648
0 0 0.218007
0 0 0.21594
0 0 0.215891
0 0 0.215061
0 0 0.214949
0 0 0.213429
0 0 0.21248
0 0 0.212105
0 0 0.212064
0 0 0.211114
0 0 0.21047
0 0 0.207976
0 0 0.20796
0 0 0.20751
0 0 0.207406
0 0 0.207076
0 0 0.206517
0 0 0.20581
0 0 0.202408
0 0 0.201697
0 0 0.199836
0 0 0.1994
0 0 0.197776
0 0 0.197212
0 0 0.197053
0 0 0.194139
0 0 0.193894
0 0 0.19384
0 0 0.193804
0 0 0.193574
0 0 0.192683
0 0 0.188681
0 0 0.187573
0 0 0.185752
0 0 0.185293
0 0 0.182782
0 0 0.182284
0 0 0.181754
0 0 0.181042
0 0 0.180719
0 0 0.180255
0 0 0.180009
0 0 0.179998
0 0 0.179216
0 0 0.177936
0 0 0.177709
0 0 0.176519
0 0 0.175647
0 0 0.175465
0 0 0.175464
0 0 0.174735
0 0 0.174457
0 0 0.173365
0 0 0.173104
0 0 0.172896
0 0 0.17225
0 0 0.170038
0 0 0.169555
0 0 0.169141
0 0 0.168901
0 0 0.168674
0 0 0.168284
0 0 0.1672
0 0 0.167128
0 0 0.166322
0 0 0.165264
0 0 0.165253
0 0 0.164648
0 0 0.163428
0 0 0.163355
0 0 0.163125
0 0 0.162007
0 0 0.161671
0 0 0.1605
0 0 0.160292
0 0 0.159193
0 0 0.159009
0 0 0.158489
0 0 0.158201
0 0 0.157321
0 0 0.156039
0 0 0.155906
0 0 0.155719
0 0 0.155458
0 0 0.155209
0 0 0.15483
0 0 0.154681
0 0 0.154467
0 0 0.154339
0 0 0.154286
0 0 0.153789
0 0 0.153782
0 0 0.153241
0 0 0.153149
0 0 0.153053
0 0 0.153019
0 0 0.152641
0 0 0.152631
0 0 0.152413
0 0 0.152022
0 0 0.151902
0 0 0.151196
0 0 0.150451
0 0 0.149987
0 0 0.1497
0 0 0.149601
0 0 0.147594
0 0 0.147272
0 0 0.146785
0 0 0.146452
0 0 0.146232
0 0 0.145975
0 0 0.145517
0 0 0.145219
0 0 0.144978
0 0 0.144134
0 0 0.143832
0 0 0.14373
0 0 0.143584
0 0 0.143478
0 0 0.14345
0 0 0.14336
0 0 0.143236
0 0 0.143147
0 0 0.143109
0 0 0.142341
0 0 0.141928
0 0 0.141834
0 0 0.141348
0 0 0.141215
0 0 0.139425
0 0 0.138341
0 0 0.138135
0 0 0.137994
0 0 0.137352
0 0 0.137047
0 0 0.137021
0 0 0.135585
0 0 0.135365
0 0 0.135263
0 0 0.13521
0 0 0.13442
0 0 0.13412
0 0 0.133753
0 0 0.133451
0 0 0.133331
0 0 0.133137
0 0 0.132503
0 0 0.132311
0 0 0.13206
0 0 0.131965
0 0 0.131858
0 0 0.131835
0 0 0.131746
0 0 0.131589
0 0 0.131277
0 0 0.131141
0 0 0.130482
0 0 0.130459
0 0 0.130296
0 0 0.129948
0 0 0.129463
0 0 0.129023
0 0 0.128582
0 0 0.128477
0 0 0.128305
0 0 0.128286
0 0 0.126725
0 0 0.126622
0 0 0.126395
0 0 0.126211
0 0 0.1261
0 0 0.125142
0 0 0.124
0 0 0.123996
0 0 0.123831
0 0 0.123472
0 0 0.123167
0 0 0.122657
0 0 0.122578
0 0 0.122481
0 0 0.121983
0 0 0.121722
0 0 0.121575
0 0 0.121531
0 0 0.121405
0 0 0.12124
0 0 0.121159
0 0 0.121008
0 0 0.120891
0 0 0.120772
0 0 0.120395
0 0 0.119437
0 0 0.119126
0 0 0.118065
0 0 0.118047
0 0 0.117601
0 0 0.117571
0 0 0.11722
0 0 0.116968
0 0 0.116608
0 0 0.114704
0 0 0.114389
0 0 0.11432
0 0 0.114223
0 0 0.113929
0 0 0.113693
0 0 0.1131
0 0 0.112818
0 0 0.112617
0 0 0.112139
0 0 0.111325
0 0 0.111287
0 0 0.110858
0 0 0.110354
0 0 0.110119
0 0 0.109449
0 0 0.109361
0 0 0.109196
0 0 0.109171
0 0 0.108585
0 0 0.108029
0 0 0.107953
0 0 0.107875
0 0 0.107399
0 0 0.10687
0 0 0.106049
0 0 0.105195
0 0 0.104898
1 0.360156 0.464708
0 0 0.10427
0 0 0.104251
0 0 0.104218
0 0 0.104102
0 0 0.104012
0 0 0.103567
0 0 0.103457
0 0 0.103286
0 0 0.103243
0 0 0.103213
0 0 0.103091
0 0 0.102502
0 0 0.101665
0 0 0.0997299
0 0 0.0995684
0 0 0.0993899
0 0 0.0993554
0 0 0.0991072
0 0 0.0990709
0 0 0.0975569
0 0 0.0974997
0 0 0.097068
0 0 0.0966497
0 0 0.0955647
0 0 0.0947272
0 0 0.0945961
0 0 0.0944921
0 0 0.0929327
0 0 0.0925723
0 0 0.0922796
0 0 0.091788
0 0 0.0915581
0 0 0.0913337
0 0 0.0909532
0 0 0.0908642
0 0 0.0907369
0 0 0.0899311
0 0 0.0864305
0 0 0.0855239
0 0 0.0851269
0 0 0.0850645
0 0 0.0829407
0 0 0.0787142
1 0.225041 0.291959
1 0.299497 0.361434
1 0.429762 0.487806
1 0.284749 0.330012
1 0.314804 0.35729
1 0.319558 0.361511
1 0.25424 0.294595
1 0.280115 0.319955
1 0.356241 0.391153
1 0.265604 0.300069
1 0.470666 0.504004
1 0.159867 0.193195
1 0.155935 0.185709
1 0.300504 0.329682
1 0.26222 0.290021
1 0.229887 0.257522
1 0.256422 0.283343
1 0.382145 0.40889
1 0.170628 0.196991
1 0.23141 0.256805
1 0.290231 0.315146
1 0.282089 0.306947
1 0.147763 0.172599
1 0.423326 0.448069
1 0.36956 0.394297
1 0.246496 0.270941
1 0.148471 0.172795
1 0.114484 0.138432
1 0.174357 0.197387
1 0.227782 0.250639
1 0.201633 0.224265
1 0.156151 0.177949
1 0.124805 0.146578
1 0.162297 0.183774
1 0.256256 0.275635
1 0.335957 0.354876
1 0.200427 0.219223
1 0.164624 0.183162
1 0.129364 0.147871
1 0.114405 0.132767
1 0.302631 0.320968
1 0.23185 0.25002
1 0.396394 0.414473
1 0.125519 0.142831
1 0.235251 0.252526
1 0.340005 0.357016
1 0.102184 0.118872
1 0.179442 0.195892
1 0.181532 0.197285
1 0.224664 0.240138
1 0.142389 0.157827
1 0.298469 0.313892
1 0.173636 0.189016
1 0.240216 0.254988
1 0.111648 0.126175
1 0.166459 0.180726
1 0.130356 0.14421
1 0.164111 0.177722
1 0.156334 0.16947
1 0.131513 0.144326
1 0.158685 0.171397
2 0.16818 0.180735
1 0.148263 0.160742
1 0.135575 0.147986
1 0.124559 0.136653
1 0.190048 0.202083
1 0.159473 0.171382
1 0.174587 0.186423
2 0.245032 0.256843
1 0.160101 0.171871
1 0.380167 0.391496
1 0.188263 0.199484
1 0.343008 0.353813
2 0.183223 0.193887
1 0.159123 0.169417
1 0.240802 0.251022
2 0.560651 0.570853
1 0.138888 0.149047
1 0.299813 0.30995
1 0.117643 0.127354
1 0.171426 0.180942
1 0.121294 0.130627
1 0.143844 0.153116
1 0.110748 0.11987
1 0.391154 0.400152
1 0.169169 0.178134
1 0.108292 0.117213
2 0.137231 0.146128
1 0.141936 0.150757
1 0.189599 0.198361
1 0.101978 0.110691
1 0.130067 0.138748
1 0.340919 0.349241
1 0.196526 0.204601
2 0.410409 0.418441
2 0.138747 0.146774
2 0.184228 0.192173
1 0.152591 0.160522
2 0.131718 0.139597
2 0.199789 0.207667
1 0.0998729 0.107741
1 0.113117 0.120983
1 0.158896 0.166437
1 0.12064 0.128088
1 0.116959 0.124349
1 0.113693 0.120685
1 0.165664 0.172636
1 0.096212 0.103072
1 0.265945 0.272772
1 0.159567 0.166383
2 0.185248 0.191864
1 0.152082 0.158659
2 0.127072 0.133613
1 0.129419 0.135817
1 0.0980392 0.104416
1 0.373734 0.379514
2 0.188145 0.193887
1 0.117964 0.123697
1 0.15904 0.16461
2 0.176588 0.182098
1 0.111689 0.117186
1 0.443431 0.448911
1 0.142735 0.148155
1 0.136095 0.141324
1 0.207908 0.213104
2 0.140119 0.145251
1 0.165206 0.170338
1 0.271984 0.277056
1 0.244225 0.249217
2 0.185579 0.190415
1 0.153989 0.158812
1 0.0985802 0.103403
2 0.133785 0.138588
1 0.672573 0.67725
1 0.315816 0.320461
2 0.153116 0.157712
2 0.125727 0.130278
2 0.281685 0.286213
1 0.275129 0.279649
1 0.268253 0.272761
1 0.110962 0.11534
1 0.252283 0.256658
1 0.149093 0.153358
1 0.0977345 0.101924
1 0.160832 0.165002
2 0.133785 0.137871
1 0.129324 0.133322
2 0.191862 0.195859
1 0.162393 0.166335
2 0.140473 0.144397
2 0.200665 0.204554
2 0.124809 0.128576
1 0.255879 0.259606
1 0.22237 0.226033
1 0.11815 0.121785
1 0.158306 0.161894
1 0.169344 0.172897
1 0.157691 0.161203
2 0.145492 0.148847
2 0.149528 0.152792
2 0.200665 0.203812
2 0.11726 0.120309
1 0.202636 0.205651
1 0.118888 0.121785
1 0.486504 0.489213
1 0.145482 0.148155
2 0.197236 0.199908
2 0.138748 0.141313
1 0.270714 0.273187
1 0.119788 0.122151
1 0.109793 0.112139
1 0.146979 0.149267
1 0.201974 0.204153
1 0.205 0.207072
1 0.199136 0.201196
2 0.145077 0.147125
1 0.17048 0.172527
2 0.155746 0.157712
2 0.146886 0.148847
1 0.333301 0.335249
1 0.106762 0.108707
1 0.377656 0.379514
1 0.328529 0.330282
2 0.122396 0.124102
2 0.171493 0.173196
2 0.156345 0.157948
2 0.330665 0.332245
1 0.138211 0.139757
1 0.158147 0.159624
1 0.149547 0.151014
2 0.152486 0.153905
2 0.272158 0.273556
1 0.223229 0.224619
1 0.177403 0.178734
1 0.275732 0.277039
2 0.204531 0.205769
2 0.138479 0.139597
1 0.157323 0.158399
2 0.120214 0.121258
2 0.153912 0.154939
2 0.213002 0.213986
1 0.149743 0.150712
1 0.11354 0.114498
1 0.138065 0.138986
1 0.16121 0.162126
2 0.186369 0.187276
1 0.146946 0.147769
1 0.271338 0.272158
1 0.155263 0.156074
1 0.131574 0.132127
1 0.13302 0.133509
1 0.147669 0.148155
2 0.160406 0.160886
1 0.187834 0.188279
2 0.229406 0.229851
1 0.196744 0.196991
2 0.218364 0.218611
1 0.145011 0.145251
2 0.148289 0.148488
2 0.266983 0.267098
2 0.140723 0.140826
2 0.182458 0.182519
2 0.142831 0.142891
