1 0.764835 inf
1 0.754409 inf
0 0 inf
0 0 inf
0 0 inf
0 0 inf
0 0 inf
0 0 inf
0 0 inf
0 0 inf
0 0 0.767618
0 0 0.742838
0 0 0.71016
0 0 0.67043
0 0 0.645814
0 0 0.629358
0 0 0.61732
0 0 0.582455
0 0 0.538029
0 0 0.497179
0 0 0.488925
0 0 0.481374
0 0 0.474403
0 0 0.46281
0 0 0.458699
0 0 0.454535
0 0 0.453087
0 0 0.450199
0 0 0.433314
0 0 0.42478
0 0 0.424403
0 0 0.419296
0 0 0.415947
0 0 0.40255
0 0 0.381247
0 0 0.376632
0 0 0.370891
0 0 0.369063
0 0 0.368753
0 0 0.366407
0 0 0.365267
0 0 0.361124
0 0 0.360888
0 0 0.35908
0 0 0.354691
0 0 0.337708
0 0 0.334537
0 0 0.318859
0 0 0.317898
0 0 0.313537
0 0 0.295453
0 0 0.293031
0 0 0.289898
0 0 0.286095
0 0 0.28258
0 0 0.277709
0 0 0.276036
0 0 0.270387
0 0 0.270224
0 0 0.256338
0 0 0.256263
0 0 0.254572
0 0 0.252793
0 0 0.25266
0 0 0.24998
0 0 0.246464
0 0 0.244135
0 0 0.242904
0 0 0.238845
0 0 0.238141
0 0 0.237064
0 0 0.233002
0 0 0.230727
0 0 0.230418
0 0 0.22711
0 0 0.225608
0 0 0.224871
0 0 0.223359
0 0 0.22311
0 0 0.222822
0 0 0.221159
0 0 0.220935
0 0 0.220399
0 0 0.220004
0 0 0.219592
0 0 0.219033
0 0 0.215856
0 0 0.213701
0 0 0.213302
0 0 0.211198
0 0 0.209813
0 0 0.207485
0 0 0.204973
0 0 0.204454
0 0 0.203915
0 0 0.200556
0 0 0.197776
0 0 0.196012
0 0 0.193784
0 0 0.192577
0 0 0.189258
0 0 0.187744
0 0 0.186591
0 0 0.185659
0 0 0.184486
0 0 0.184194
0 0 0.182935
0 0 0.181386
0 0 0.181384
0 0 0.178786
0 0 0.174152
0 0 0.173449
0 0 0.173247
0 0 0.172618
0 0 0.172333
0 0 0.171623
0 0 0.171564
0 0 0.171136
0 0 0.16717
0 0 0.166845
0 0 0.166721
0 0 0.165676
0 0 0.162921
0 0 0.162861
0 0 0.161172
0 0 0.160972
0 0 0.160537
0 0 0.160472
0 0 0.158108
0 0 0.154442
0 0 0.15391
0 0 0.153285
0 0 0.153219
0 0 0.152136
0 0 0.151518
0 0 0.150125
0 0 0.149629
0 0 0.149307
0 0 0.149126
0 0 0.148732
0 0 0.147172
0 0 0.146935
0 0 0.146736
0 0 0.146027
0 0 0.145865
0 0 0.144804
0 0 0.144478
0 0 0.143421
0 0 0.142735
0 0 0.142672
0 0 0.142394
0 0 0.141731
0 0 0.140303
0 0 0.139139
0 0 0.139135
0 0 0.138732
0 0 0.138581
0 0 0.137853
0 0 0.137705
0 0 0.136709
0 0 0.135245
0 0 0.134965
0 0 0.134914
0 0 0.134558
0 0 0.134332
0 0 0.13406
0 0 0.133185
0 0 0.133154
0 0 0.132468
0 0 0.131731
0 0 0.131138
0 0 0.131033
0 0 0.130238
0 0 0.129233
0 0 0.128072
0 0 0.127354
0 0 0.127039
0 0 0.126487
0 0 0.124361
0 0 0.124255
0 0 0.123943
0 0 0.123657
0 0 0.123258
0 0 0.122443
0 0 0.121893
0 0 0.121843
0 0 0.120344
0 0 0.120259
0 0 0.120259
0 0 0.119525
0 0 0.119516
0 0 0.11927
0 0 0.118983
0 0 0.117848
0 0 0.117167
0 0 0.115986
0 0 0.115976
0 0 0.11566
0 0 0.115202
0 0 0.114916
0 0 0.114595
0 0 0.114174
0 0 0.114092
0 0 0.113367
0 0 0.113261
0 0 0.11285
0 0 0.112666
0 0 0.111729
0 0 0.111537
0 0 0.111354
0 0 0.111335
0 0 0.111302
0 0 0.110941
0 0 0.110783
0 0 0.110451
0 0 0.110295
0 0 0.109018
0 0 0.107781
0 0 0.107758
0 0 0.107403
0 0 0.107029
1 0.408966 0.515952
0 0 0.106853
0 0 0.106348
0 0 0.106072
0 0 0.10603
0 0 0.105728
0 0 0.105726
0 0 0.105702
0 0 0.105613
0 0 0.105181
0 0 0.104047
0 0 0.103913
0 0 0.10345
0 0 0.102908
0 0 0.102427
0 0 0.102016
0 0 0.101883
0 0 0.101719
0 0 0.101491
0 0 0.101466
0 0 0.100978
0 0 0.100968
0 0 0.10071
0 0 0.100321
0 0 0.100305
0 0 0.10026
0 0 0.100135
0 0 0.100108
0 0 0.099937
0 0 0.099882
0 0 0.0997827
0 0 0.0996307
0 0 0.0994735
0 0 0.099423
0 0 0.0993176
0 0 0.099089
0 0 0.098938
0 0 0.0985328
0 0 0.0981114
0 0 0.0978856
0 0 0.0978195
0 0 0.0976886
0 0 0.0976464
0 0 0.0968101
0 0 0.0961602
0 0 0.095953
0 0 0.0958998
0 0 0.0956911
0 0 0.0955832
0 0 0.0953077
0 0 0.0950143
0 0 0.0944857
0 0 0.0941535
0 0 0.0940718
0 0 0.0940177
0 0 0.0937818
0 0 0.0936056
0 0 0.0934689
0 0 0.0932542
0 0 0.0932301
0 0 0.0931975
0 0 0.0931407
0 0 0.0929674
0 0 0.0928988
0 0 0.0928981
0 0 0.0923723
0 0 0.0923017
0 0 0.0921979
0 0 0.0917739
0 0 0.0914785
0 0 0.0908544
0 0 0.0905109
0 0 0.0902913
0 0 0.0897866
0 0 0.0897288
0 0 0.0895771
0 0 0.0883624
0 0 0.0882003
0 0 0.0873052
0 0 0.0872507
0 0 0.0872379
0 0 0.0872267
0 0 0.0871331
0 0 0.0869039
0 0 0.0866852
0 0 0.086458
0 0 0.0863476
0 0 0.0860542
0 0 0.0859772
0 0 0.0853758
0 0 0.0853653
0 0 0.0850644
0 0 0.0847904
0 0 0.0845809
0 0 0.0843289
0 0 0.0842989
0 0 0.0841986
0 0 0.0841799
0 0 0.083743
0 0 0.0836114
0 0 0.0833743
0 0 0.0832111
0 0 0.0829364
0 0 0.0825225
0 0 0.082384
0 0 0.0821094
0 0 0.0820979
0 0 0.082065
0 0 0.081902
0 0 0.0818929
0 0 0.0817856
0 0 0.081745
0 0 0.0815509
0 0 0.0814819
0 0 0.0813822
0 0 0.0810761
0 0 0.0808701
0 0 0.0805761
0 0 0.0803669
0 0 0.080274
0 0 0.0801293
0 0 0.0788426
0 0 0.0787223
0 0 0.0786487
0 0 0.0785402
0 0 0.0784608
0 0 0.0784514
0 0 0.0777924
0 0 0.0777828
0 0 0.077537
0 0 0.07707
0 0 0.0768165
0 0 0.0764337
0 0 0.0760401
0 0 0.0760086
0 0 0.0759593
0 0 0.075913
0 0 0.0756446
0 0 0.075579
0 0 0.0753934
0 0 0.0750063
0 0 0.0749245
0 0 0.0748517
0 0 0.0745842
0 0 0.0744058
0 0 0.074248
0 0 0.0739406
0 0 0.0735581
0 0 0.0731016
0 0 0.0726554
0 0 0.0721051
0 0 0.0719275
0 0 0.071866
0 0 0.0709266
0 0 0.0708536
0 0 0.0707048
0 0 0.0706179
0 0 0.0705195
0 0 0.070024
0 0 0.0687788
0 0 0.0685589
0 0 0.0681505
0 0 0.0677291
0 0 0.067725
0 0 0.0673546
0 0 0.0667323
0 0 0.0663582
0 0 0.0663158
0 0 0.0662228
0 0 0.0648607
0 0 0.0647056
0 0 0.0646488
1 0.527388 0.591757
0 0 0.0642234
1 0.379206 0.442575
0 0 0.0632828
0 0 0.0631877
1 0.221466 0.284052
0 0 0.0595199
0 0 0.0573773
0 0 0.056243
0 0 0.0560013
0 0 0.0556671
0 0 0.0550277
0 0 0.0525202
1 0.299234 0.350642
1 0.273723 0.325054
1 0.506236 0.553383
1 0.240028 0.286023
1 0.155587 0.19562
1 0.200445 0.239538
1 0.286655 0.319915
1 0.137545 0.17002
1 0.108535 0.136405
1 0.111593 0.138393
1 0.30908 0.334969
1 0.146241 0.171885
1 0.642107 0.66683
1 0.533116 0.557633
1 0.162473 0.186259
1 0.299094 0.322409
1 0.102564 0.125614
1 0.0803327 0.102456
1 0.184889 0.206643
1 0.284754 0.305575
1 0.443201 0.463578
1 0.111343 0.129987
1 0.10785 0.126218
1 0.0979191 0.115633
1 0.085872 0.103567
1 0.0846491 0.102297
1 0.112924 0.130407
1 0.0915962 0.108942
1 0.217448 0.234437
1 0.162886 0.179575
1 0.153104 0.168661
1 0.087458 0.102717
1 0.182881 0.197764
2 0.110323 0.124926
1 0.0911491 0.105656
1 0.0857567 0.100261
1 0.106563 0.121042
1 0.085694 0.0999162
1 0.295516 0.309584
1 0.130622 0.144651
1 0.271982 0.285881
1 0.251651 0.265373
1 0.0849806 0.0983335
1 0.153016 0.166181
1 0.403047 0.416107
1 0.0898164 0.102834
1 0.151076 0.163724
1 0.12035 0.132725
1 0.0950499 0.107274
1 0.104564 0.116589
1 0.112933 0.124939
1 0.140862 0.152857
1 0.107244 0.119135
2 0.396571 0.408332
1 0.093136 0.104837
1 0.0853776 0.0969525
1 0.0986835 0.110231
1 0.0949674 0.106501
1 0.106162 0.117615
1 0.101711 0.113123
1 0.0954832 0.10683
1 0.102252 0.113482
1 0.078466 0.0895759
1 0.0980506 0.10914
1 0.10201 0.113022
2 0.172842 0.183678
1 0.207622 0.21844
1 0.217389 0.228109
1 0.163696 0.174238
1 0.0671872 0.0776935
2 0.13921 0.149657
1 0.112981 0.123352
1 0.112534 0.122842
1 0.464328 0.474551
1 0.0999774 0.110037
1 0.0662454 0.0760356
2 0.238387 0.248143
1 0.0912832 0.101036
1 0.140541 0.150223
1 0.128547 0.138159
1 0.0819269 0.0915116
1 0.118719 0.128278
1 0.0941356 0.103671
1 0.103711 0.113176
1 0.104081 0.1134
1 0.154682 0.163943
1 0.115894 0.125075
2 0.198071 0.207175
1 0.108149 0.117189
1 0.104305 0.113253
1 0.0939184 0.102829
1 0.112024 0.120888
1 0.127526 0.136151
1 0.309369 0.317827
1 0.0806867 0.0891214
1 0.128377 0.13658
1 0.0831999 0.0913145
1 0.107194 0.115267
1 0.189696 0.197693
1 0.176522 0.184289
1 0.100169 0.107586
1 0.106386 0.113514
1 0.103074 0.11011
1 0.098586 0.105618
1 0.306894 0.313709
1 0.42951 0.436282
1 0.0982583 0.104978
1 0.171637 0.178271
1 0.0821162 0.0886654
1 0.104227 0.110775
1 0.0845739 0.0909061
1 0.160898 0.167141
1 0.0801907 0.0864334
1 0.10772 0.113951
1 0.101997 0.108212
1 0.236956 0.24309
1 0.162864 0.16894
2 0.136815 0.142733
2 0.136815 0.142733
1 0.117851 0.123703
1 0.183512 0.189345
1 0.306348 0.312124
2 0.129816 0.135429
1 0.164595 0.170175
2 0.134311 0.139797
1 0.139088 0.144544
1 0.118704 0.124112
1 0.0930216 0.0983335
1 0.107648 0.11294
1 0.109435 0.114605
2 0.101006 0.106175
1 0.119593 0.124753
2 0.113123 0.118254
1 0.214239 0.219303
1 0.0815464 0.0866081
1 0.0901797 0.095177
1 0.0920405 0.0969646
1 0.107677 0.112508
1 0.108402 0.113198
1 0.105274 0.110037
1 0.180393 0.185114
1 0.0863895 0.0909327
2 0.360701 0.365186
1 0.110132 0.114609
1 0.126336 0.130755
2 0.118556 0.122954
1 0.0764486 0.0808179
1 0.0843005 0.0886654
2 0.119752 0.124095
1 0.152205 0.156518
1 0.102803 0.10706
1 0.130671 0.13489
1 0.0970142 0.101218
2 0.140259 0.144428
1 0.108124 0.112271
1 0.0961112 0.100175
1 0.115754 0.119812
1 0.127207 0.131137
1 0.11375 0.117669
1 0.101873 0.105781
1 0.0944635 0.0983622
1 0.389799 0.393624
1 0.107633 0.111373
2 0.126215 0.129939
1 0.0857228 0.0893809
1 0.0983273 0.101941
2 0.135674 0.139275
1 0.275675 0.279263
2 0.0953329 0.098897
1 0.144528 0.147977
2 0.128885 0.132224
1 0.119459 0.122762
1 0.100562 0.103862
1 0.0960969 0.099394
1 0.0872975 0.0905892
2 0.118054 0.121202
2 0.118269 0.121373
2 0.110224 0.113325
2 0.120775 0.123875
2 0.119676 0.122748
2 0.129816 0.132837
1 0.167865 0.17085
1 0.264867 0.267832
1 0.192317 0.195182
1 0.115171 0.117966
2 0.136678 0.139465
2 0.123638 0.12636
2 0.114255 0.116844
1 0.074378 0.0769482
2 0.112879 0.115369
2 0.125741 0.128207
1 0.0820454 0.0844962
1 0.173146 0.175572
1 0.120308 0.122724
1 0.145643 0.148056
1 0.0879038 0.0903082
1 0.45206 0.454229
1 0.121158 0.123315
1 0.145918 0.148063
1 0.273564 0.275704
1 0.114772 0.116901
1 0.0924781 0.0945773
1 0.116628 0.118682
1 0.122341 0.124376
1 0.156624 0.15865
2 0.119093 0.121076
1 0.108619 0.11059
1 0.102853 0.104765
1 0.0876851 0.0895759
1 0.117945 0.119814
1 0.0935915 0.095438
1 0.0890703 0.0909061
1 0.104107 0.1059
2 0.144752 0.146506
1 0.0817402 0.0834457
2 0.12793 0.129533
1 0.164256 0.165853
2 0.105618 0.107209
1 0.113161 0.114692
1 0.290996 0.292505
1 0.159638 0.16112
1 0.113906 0.115378
2 0.1371 0.138528
1 0.118393 0.119814
2 0.1817 0.183106
2 0.218457 0.219853
1 0.174081 0.175475
1 0.118237 0.119601
2 0.114676 0.115991
1 0.186893 0.188177
1 0.116814 0.118097
1 0.0805298 0.0818107
2 0.137997 0.139275
2 0.107274 0.108527
1 0.108004 0.109225
2 0.103644 0.104857
1 0.112362 0.113514
2 0.10889 0.110017
2 0.132494 0.133612
1 0.120408 0.121514
1 0.10481 0.1059
1 0.110441 0.111515
2 0.11604 0.117064
1 0.102365 0.103379
1 0.117059 0.118051
1 0.099578 0.100552
1 0.113038 0.113951
2 0.102632 0.103528
2 0.121324 0.122168
2 0.122686 0.123497
2 0.11804 0.118847
1 0.112586 0.113385
2 0.121381 0.122113
1 0.200653 0.201356
1 0.104929 0.105543
1 0.108519 0.109079
1 0.0937983 0.0943584
2 0.103116 0.103644
2 0.109226 0.109751
1 0.114087 0.114523
2 0.119055 0.119486
2 0.106395 0.106802
1 0.760933 0.761337
1 0.167831 0.168215
1 0.133368 0.133726
1 0.127769 0.128117
1 0.158212 0.158485
2 0.116825 0.117064
1 0.126296 0.126497
2 0.129354 0.129533
1 0.131213 0.131329
2 0.124062 0.124146
1 0.0950413 0.0951191
2 0.123564 0.123624
2 0.105539 0.105598
2 0.0945773 0.0946199
2 0.0977799 0.0978004
1 0.264571 0.264587
