0 0 inf
1 0.716122 inf
0 0 inf
0 0 inf
0 0 inf
1 0.769652 inf
0 0 inf
0 0 inf
0 0 inf
0 0 inf
0 0 inf
0 0 inf
0 0 inf
0 0 inf
0 0 inf
0 0 inf
0 0 inf
0 0 inf
0 0 inf
1 0.79331 inf
0 0 0.782156
0 0 0.764813
0 0 0.761089
0 0 0.751859
0 0 0.721067
0 0 0.715402
0 0 0.691539
0 0 0.683123
0 0 0.675621
0 0 0.669264
0 0 0.656133
0 0 0.655871
0 0 0.655812
0 0 0.643774
0 0 0.622811
0 0 0.608124
0 0 0.604652
0 0 0.599176
0 0 0.565587
0 0 0.549524
0 0 0.537733
0 0 0.531391
0 0 0.524444
0 0 0.519937
0 0 0.511066
0 0 0.509745
0 0 0.503707
0 0 0.485938
0 0 0.481765
0 0 0.48136
0 0 0.480417
0 0 0.461934
0 0 0.460336
0 0 0.459128
0 0 0.456904
0 0 0.453365
0 0 0.450699
0 0 0.437721
0 0 0.429496
0 0 0.427576
0 0 0.422596
0 0 0.421122
0 0 0.420741
0 0 0.41184
0 0 0.399432
0 0 0.397002
0 0 0.395619
0 0 0.393605
0 0 0.392814
0 0 0.387858
0 0 0.385682
0 0 0.385452
0 0 0.384959
0 0 0.378459
0 0 0.370577
0 0 0.368405
0 0 0.368205
0 0 0.360914
0 0 0.353137
0 0 0.350088
0 0 0.347515
0 0 0.347148
0 0 0.344841
0 0 0.344751
0 0 0.340085
0 0 0.337341
0 0 0.334207
0 0 0.333907
0 0 0.333395
0 0 0.318591
0 0 0.316787
0 0 0.312565
0 0 0.312441
0 0 0.310486
0 0 0.309257
0 0 0.308826
0 0 0.305968
0 0 0.305519
0 0 0.304258
0 0 0.302697
0 0 0.299625
0 0 0.298191
0 0 0.29451
0 0 0.292038
0 0 0.289609
0 0 0.28876
0 0 0.285082
0 0 0.284584
0 0 0.28201
0 0 0.281567
0 0 0.278221
0 0 0.277976
0 0 0.27606
0 0 0.273215
0 0 0.27187
0 0 0.27176
0 0 0.266967
0 0 0.265776
0 0 0.264684
0 0 0.264284
0 0 0.261886
0 0 0.261823
0 0 0.26059
0 0 0.260027
0 0 0.259807
0 0 0.259361
0 0 0.255832
0 0 0.255053
0 0 0.254285
0 0 0.252455
0 0 0.251466
0 0 0.250855
0 0 0.250076
0 0 0.249971
0 0 0.249035
0 0 0.247586
0 0 0.246363
0 0 0.242671
0 0 0.242006
0 0 0.240846
0 0 0.240472
0 0 0.23965
0 0 0.238212
0 0 0.237351
0 0 0.237
0 0 0.236114
0 0 0.235779
0 0 0.23519
0 0 0.234995
0 0 0.234967
0 0 0.234771
0 0 0.233463
0 0 0.232106
0 0 0.226881
0 0 0.224666
0 0 0.223822
0 0 0.22204
0 0 0.221641
0 0 0.221329
0 0 0.220516
0 0 0.217869
0 0 0.217384
0 0 0.216605
0 0 0.21475
0 0 0.214238
0 0 0.213793
0 0 0.213601
0 0 0.213506
0 0 0.213161
0 0 0.213113
0 0 0.212775
0 0 0.211808
0 0 0.211774
0 0 0.210211
0 0 0.208126
0 0 0.206763
0 0 0.206585
0 0 0.20627
0 0 0.205038
0 0 0.204932
0 0 0.204334
0 0 0.20311
0 0 0.201602
0 0 0.200118
0 0 0.199077
0 0 0.197654
0 0 0.197187
0 0 0.195557
0 0 0.193779
0 0 0.193205
0 0 0.191341
0 0 0.190148
0 0 0.189898
0 0 0.189675
0 0 0.189186
0 0 0.185464
0 0 0.185147
0 0 0.184006
0 0 0.183279
0 0 0.181486
0 0 0.181366
0 0 0.180881
0 0 0.178925
0 0 0.177547
0 0 0.177099
0 0 0.176377
0 0 0.175089
0 0 0.172218
0 0 0.17202
0 0 0.171184
0 0 0.169956
0 0 0.169896
0 0 0.169379
0 0 0.16824
0 0 0.168077
0 0 0.167687
0 0 0.164889
0 0 0.164214
0 0 0.164031
0 0 0.16289
0 0 0.162059
0 0 0.160669
0 0 0.158309
0 0 0.157659
0 0 0.154862
0 0 0.153037
0 0 0.152873
0 0 0.152482
0 0 0.152265
0 0 0.152211
0 0 0.15206
0 0 0.151704
0 0 0.151571
0 0 0.150419
0 0 0.149894
0 0 0.148797
0 0 0.148536
0 0 0.148359
0 0 0.148144
0 0 0.148011
0 0 0.147067
0 0 0.145731
0 0 0.145571
0 0 0.144585
0 0 0.14413
0 0 0.14376
0 0 0.142693
0 0 0.142665
0 0 0.142583
0 0 0.142128
0 0 0.141673
0 0 0.14138
0 0 0.140241
0 0 0.139655
0 0 0.139272
0 0 0.138931
0 0 0.137808
0 0 0.137533
0 0 0.1368
0 0 0.136771
0 0 0.136367
0 0 0.135811
0 0 0.135148
0 0 0.134652
0 0 0.13278
0 0 0.132696
0 0 0.132375
0 0 0.131875
0 0 0.131383
0 0 0.130981
0 0 0.130291
0 0 0.129934
0 0 0.129085
0 0 0.128843
0 0 0.128791
0 0 0.128754
0 0 0.128139
0 0 0.12764
0 0 0.127473
0 0 0.127436
0 0 0.12693
0 0 0.126165
0 0 0.125791
0 0 0.125536
0 0 0.12542
0 0 0.124912
0 0 0.124764
0 0 0.123555
0 0 0.12285
0 0 0.121877
0 0 0.121652
0 0 0.121198
0 0 0.120735
0 0 0.120705
0 0 0.120496
0 0 0.120107
0 0 0.118148
0 0 0.118074
0 0 0.117435
0 0 0.116987
0 0 0.116875
0 0 0.116793
0 0 0.116296
0 0 0.115605
0 0 0.115403
0 0 0.114396
0 0 0.113473
0 0 0.112918
0 0 0.112698
0 0 0.112694
0 0 0.112234
0 0 0.111854
0 0 0.111131
0 0 0.110967
0 0 0.110173
0 0 0.110169
0 0 0.109648
0 0 0.10856
0 0 0.108278
0 0 0.108276
0 0 0.108027
0 0 0.107284
0 0 0.107081
0 0 0.10582
0 0 0.105723
0 0 0.105703
0 0 0.105562
0 0 0.10537
0 0 0.105206
0 0 0.104803
0 0 0.104689
0 0 0.104555
0 0 0.104259
0 0 0.103135
0 0 0.102531
0 0 0.101346
0 0 0.100838
0 0 0.100368
0 0 0.100118
0 0 0.0997211
0 0 0.0991972
0 0 0.0991141
0 0 0.0985892
0 0 0.0983227
0 0 0.0982891
0 0 0.0982377
0 0 0.0979186
0 0 0.0975128
0 0 0.0968598
1 0.636033 0.732795
0 0 0.0953917
0 0 0.0947949
0 0 0.0947219
0 0 0.0945359
0 0 0.094502
0 0 0.0937981
0 0 0.0935847
0 0 0.0930815
0 0 0.0928533
0 0 0.091932
0 0 0.0916147
0 0 0.0911539
0 0 0.0904723
0 0 0.090367
0 0 0.09035
0 0 0.0901314
0 0 0.0901105
0 0 0.0900114
0 0 0.0896602
0 0 0.0891141
0 0 0.0888391
0 0 0.0886204
0 0 0.0885197
0 0 0.0884897
0 0 0.0884051
0 0 0.0882937
0 0 0.0881563
0 0 0.0880654
0 0 0.0878146
0 0 0.0877712
0 0 0.0874947
1 0.359635 0.446995
0 0 0.0864895
0 0 0.0861842
0 0 0.085039
0 0 0.0850122
1 0.505021 0.590027
0 0 0.084894
0 0 0.0848913
0 0 0.084069
0 0 0.0828885
0 0 0.0826829
0 0 0.0810125
0 0 0.0794254
1 0.513381 0.592772
0 0 0.0752821
0 0 0.0704979
0 0 0.0695572
0 0 0.0691576
0 0 0.0678336
0 0 0.0656587
0 0 0.0654317
0 0 0.064878
0 0 0.0640515
0 0 0.0631882
1 0.324316 0.382967
0 0 0.0583039
1 0.266397 0.321703
1 0.641267 0.69146
1 0.461685 0.51106
0 0 0.0466554
1 0.526873 0.573402
1 0.685075 0.730451
1 0.259554 0.304471
1 0.449452 0.493976
1 0.187016 0.227644
1 0.22167 0.259442
1 0.310867 0.346853
1 0.262255 0.298222
1 0.239757 0.273102
1 0.337508 0.369932
1 0.268047 0.300348
1 0.451899 0.48401
1 0.39172 0.423708
1 0.423069 0.454291
1 0.24069 0.271562
1 0.286806 0.317333
1 0.158657 0.188485
1 0.295082 0.324661
1 0.167934 0.197335
1 0.245792 0.274837
1 0.359015 0.38697
1 0.142496 0.167812
1 0.123578 0.148477
1 0.360537 0.385135
1 0.425118 0.447359
1 0.136835 0.158777
1 0.11408 0.135331
1 0.134704 0.155908
1 0.115614 0.136564
1 0.192982 0.213587
1 0.224986 0.245163
1 0.111814 0.131767
1 0.27937 0.299129
1 0.42368 0.44254
1 0.27936 0.298075
2 0.39645 0.414943
1 0.137316 0.155803
1 0.261728 0.280102
1 0.173766 0.192125
1 0.296631 0.314287
1 0.221103 0.238741
1 0.14498 0.162288
1 0.257958 0.275125
1 0.128272 0.145406
1 0.140657 0.15688
1 0.0877151 0.103437
1 0.159868 0.175382
1 0.154024 0.169215
1 0.293544 0.308404
1 0.148951 0.163643
1 0.152973 0.16756
1 0.101719 0.116146
1 0.189192 0.203596
1 0.114091 0.12837
1 0.114349 0.12793
2 0.635679 0.64905
1 0.137888 0.151234
1 0.123538 0.136879
1 0.138796 0.152053
1 0.243707 0.25691
1 0.168015 0.180878
1 0.179346 0.192125
2 0.466996 0.479677
1 0.124661 0.137196
1 0.12886 0.141249
2 0.304977 0.317165
2 0.304369 0.315685
1 0.164368 0.175432
1 0.610069 0.621026
2 0.331054 0.341762
1 0.144673 0.155336
1 0.146936 0.157562
1 0.160648 0.171079
1 0.13839 0.148711
1 0.111323 0.121484
1 0.273449 0.283534
1 0.153722 0.163772
2 0.189285 0.199301
1 0.111423 0.121383
1 0.106997 0.116759
2 0.155175 0.16492
2 0.532169 0.541855
1 0.123915 0.13301
1 0.285721 0.294675
2 0.202422 0.211258
1 0.0957335 0.1045
1 0.11823 0.126776
1 0.206341 0.214588
1 0.144584 0.152712
1 0.111528 0.119608
2 0.343441 0.351419
2 0.470955 0.478508
1 0.149876 0.157338
1 0.279665 0.287079
1 0.154881 0.162288
1 0.441541 0.448914
1 0.308965 0.316299
1 0.283655 0.290943
1 0.157155 0.164406
2 0.310027 0.317165
2 0.169836 0.176773
1 0.164293 0.171076
1 0.12841 0.135153
1 0.12964 0.136352
1 0.12457 0.131243
1 0.0954922 0.101967
1 0.0910766 0.0974503
1 0.762598 0.768944
1 0.184343 0.190622
1 0.265332 0.271562
1 0.315476 0.321703
1 0.1432 0.149384
1 0.113474 0.119608
1 0.137006 0.14301
2 0.316573 0.322566
1 0.1197 0.125575
1 0.101281 0.107041
1 0.29018 0.295858
2 0.314315 0.31999
1 0.277235 0.282829
1 0.113195 0.118772
1 0.315753 0.321169
2 0.159791 0.16492
1 0.149902 0.154912
1 0.190809 0.19574
1 0.181975 0.186689
2 0.171505 0.176204
1 0.14057 0.145206
2 0.157685 0.16208
1 0.143439 0.147733
2 0.164406 0.168655
1 0.151482 0.155666
2 0.173583 0.177767
1 0.145602 0.149727
1 0.205223 0.209018
1 0.293619 0.297311
1 0.107827 0.111515
1 0.552483 0.55615
1 0.128807 0.132299
1 0.495953 0.499422
1 0.144781 0.148242
1 0.142682 0.146139
1 0.235301 0.238741
2 0.161704 0.16513
1 0.150834 0.154127
1 0.0811518 0.0844348
1 0.108543 0.11178
2 0.161439 0.164657
1 0.189971 0.193125
1 0.116241 0.119338
1 0.257045 0.260083
1 0.457856 0.460871
1 0.206645 0.209641
1 0.13471 0.137665
2 0.337615 0.340366
1 0.116414 0.11905
1 0.165122 0.167693
1 0.126093 0.128449
2 0.153822 0.156173
1 0.103947 0.10624
1 0.158138 0.160264
1 0.154004 0.155905
2 0.143115 0.144993
2 0.293294 0.295148
1 0.15795 0.159771
2 0.107673 0.109332
1 0.617233 0.618891
1 0.575682 0.577313
2 0.233452 0.235062
1 0.144996 0.146432
2 0.129393 0.130806
2 0.156424 0.157799
2 0.320289 0.321601
1 0.323613 0.324831
2 0.1712 0.172392
2 0.138218 0.139337
2 0.187274 0.188385
2 0.179939 0.181032
1 0.104587 0.105597
2 0.159006 0.159991
2 0.134328 0.135283
1 0.156052 0.156987
1 0.117008 0.11777
2 0.147646 0.148311
1 0.155196 0.155848
1 0.540924 0.541573
1 0.523304 0.523903
1 0.12029 0.120856
2 0.248514 0.248978
2 0.161617 0.16208
1 0.147007 0.147433
1 0.220614 0.221018
1 0.156147 0.156511
1 0.251332 0.251622
1 0.145608 0.14587
2 0.161548 0.161774
1 0.107982 0.108049
