0 0 inf
0 0 inf
0 0 inf
0 0 inf
0 0 inf
0 0 inf
0 0 0.780954
0 0 0.729313
0 0 0.691439
0 0 0.610982
0 0 0.597802
0 0 0.582587
0 0 0.582531
0 0 0.518447
0 0 0.513029
0 0 0.5115
0 0 0.494233
0 0 0.486746
0 0 0.477698
0 0 0.468279
0 0 0.462328
0 0 0.457892
0 0 0.435531
0 0 0.426664
0 0 0.408952
0 0 0.39749
0 0 0.39516
0 0 0.385998
0 0 0.372881
0 0 0.371186
0 0 0.36644
0 0 0.362455
0 0 0.360509
0 0 0.35208
0 0 0.343829
0 0 0.340838
0 0 0.338839
0 0 0.328609
0 0 0.315632
0 0 0.313878
0 0 0.312257
0 0 0.304441
0 0 0.303021
0 0 0.298
0 0 0.296546
0 0 0.295232
0 0 0.291158
0 0 0.289536
0 0 0.287618
0 0 0.283852
0 0 0.283639
0 0 0.283351
0 0 0.275707
0 0 0.274701
0 0 0.27311
0 0 0.269867
0 0 0.266145
0 0 0.264313
0 0 0.261943
0 0 0.261356
0 0 0.259079
0 0 0.254531
0 0 0.253194
0 0 0.252976
0 0 0.250296
0 0 0.24626
0 0 0.244987
0 0 0.242584
0 0 0.242164
0 0 0.242013
0 0 0.241356
0 0 0.241298
0 0 0.233146
0 0 0.232467
0 0 0.231989
0 0 0.221711
0 0 0.21794
0 0 0.215988
0 0 0.214241
0 0 0.214222
0 0 0.214048
0 0 0.211569
0 0 0.210555
0 0 0.21021
0 0 0.208006
0 0 0.207133
0 0 0.205892
0 0 0.201718
0 0 0.196007
0 0 0.194343
0 0 0.193679
0 0 0.193671
0 0 0.190283
0 0 0.186278
0 0 0.182835
0 0 0.180735
0 0 0.180214
0 0 0.179906
0 0 0.179764
0 0 0.177788
0 0 0.174861
0 0 0.17425
0 0 0.17279
0 0 0.172661
0 0 0.171528
0 0 0.170316
0 0 0.169484
0 0 0.169175
0 0 0.169166
0 0 0.167046
0 0 0.167009
0 0 0.166479
0 0 0.166457
0 0 0.165473
0 0 0.164005
0 0 0.163154
0 0 0.162733
0 0 0.161806
0 0 0.160396
0 0 0.157325
0 0 0.157158
0 0 0.156543
0 0 0.156124
0 0 0.15558
0 0 0.155227
0 0 0.155053
0 0 0.15398
0 0 0.153734
0 0 0.153719
0 0 0.153615
0 0 0.151842
0 0 0.151504
0 0 0.150755
0 0 0.150022
0 0 0.149584
0 0 0.14938
0 0 0.14895
0 0 0.148623
0 0 0.148457
0 0 0.148268
0 0 0.148104
0 0 0.147486
0 0 0.146961
0 0 0.146784
0 0 0.146295
0 0 0.145936
0 0 0.144466
0 0 0.143911
0 0 0.143234
0 0 0.142304
0 0 0.141664
0 0 0.141069
0 0 0.140342
0 0 0.139902
0 0 0.138829
0 0 0.137308
0 0 0.136863
0 0 0.136491
0 0 0.136415
0 0 0.136406
0 0 0.135976
0 0 0.135318
0 0 0.133979
0 0 0.13375
0 0 0.133646
0 0 0.133512
0 0 0.13209
0 0 0.131554
0 0 0.131499
0 0 0.130695
0 0 0.13033
0 0 0.130067
0 0 0.13003
0 0 0.128619
0 0 0.128576
0 0 0.126222
0 0 0.126186
0 0 0.125884
0 0 0.125506
0 0 0.125307
0 0 0.124775
0 0 0.124714
0 0 0.124441
0 0 0.124221
0 0 0.123424
0 0 0.12342
0 0 0.123379
0 0 0.122584
0 0 0.122272
0 0 0.12219
0 0 0.121563
0 0 0.121408
0 0 0.121395
0 0 0.120937
0 0 0.120459
0 0 0.119993
0 0 0.119885
0 0 0.11976
0 0 0.118813
0 0 0.117981
0 0 0.117416
0 0 0.11733
0 0 0.117123
0 0 0.116743
0 0 0.116731
0 0 0.116592
0 0 0.116469
0 0 0.116163
0 0 0.115862
0 0 0.115846
0 0 0.115662
0 0 0.115486
0 0 0.115315
0 0 0.115293
0 0 0.115148
0 0 0.114803
0 0 0.113913
0 0 0.11329
0 0 0.11277
0 0 0.112495
0 0 0.112144
0 0 0.112095
0 0 0.112088
0 0 0.111875
0 0 0.111358
0 0 0.11132
0 0 0.111312
0 0 0.111168
0 0 0.110897
0 0 0.110842
0 0 0.110616
0 0 0.110115
0 0 0.110086
0 0 0.109898
0 0 0.109852
0 0 0.109814
0 0 0.10879
0 0 0.108682
0 0 0.108601
0 0 0.108377
0 0 0.108242
0 0 0.108145
0 0 0.107899
0 0 0.107852
0 0 0.107343
0 0 0.10663
0 0 0.106256
0 0 0.105801
0 0 0.105718
0 0 0.10558
0 0 0.105573
0 0 0.105566
0 0 0.105453
0 0 0.105257
0 0 0.104953
0 0 0.104746
0 0 0.104682
0 0 0.104597
0 0 0.104513
0 0 0.104491
0 0 0.104216
0 0 0.104022
0 0 0.103655
0 0 0.103072
0 0 0.102957
0 0 0.102852
0 0 0.102661
0 0 0.102549
0 0 0.102541
0 0 0.102335
0 0 0.102119
0 0 0.102009
0 0 0.10196
0 0 0.10192
0 0 0.101891
0 0 0.101501
0 0 0.101386
0 0 0.101226
0 0 0.101209
0 0 0.101143
0 0 0.101119
0 0 0.100856
0 0 0.10079
0 0 0.10038
0 0 0.0998193
0 0 0.099725
0 0 0.0996627
0 0 0.099287
0 0 0.0992776
0 0 0.0985596
0 0 0.0985341
0 0 0.0985261
0 0 0.0980647
0 0 0.0979148
0 0 0.0977917
0 0 0.0970821
0 0 0.0970419
0 0 0.0968914
0 0 0.0966517
0 0 0.0966358
0 0 0.0962162
0 0 0.0961494
0 0 0.0960603
0 0 0.0959148
0 0 0.0957939
0 0 0.0957876
0 0 0.0957353
0 0 0.0953625
0 0 0.0953533
0 0 0.0952326
0 0 0.0951772
0 0 0.0950905
0 0 0.0949435
0 0 0.094877
0 0 0.094399
0 0 0.0943588
0 0 0.09425
0 0 0.0942373
0 0 0.0941358
0 0 0.0937915
0 0 0.0937787
0 0 0.093632
0 0 0.0936143
0 0 0.0935173
0 0 0.0929306
0 0 0.0927991
0 0 0.0927601
0 0 0.0925277
0 0 0.0923391
0 0 0.0921982
0 0 0.0916724
0 0 0.0915067
0 0 0.0913707
0 0 0.0912459
0 0 0.0910646
0 0 0.0910296
0 0 0.0909855
0 0 0.0907927
0 0 0.0896097
0 0 0.089154
0 0 0.088966
0 0 0.0887643
0 0 0.088742
0 0 0.0885358
0 0 0.0884279
0 0 0.0882571
0 0 0.0881989
0 0 0.0879512
0 0 0.0878396
0 0 0.0869593
0 0 0.0867797
0 0 0.0864084
0 0 0.0861612
0 0 0.0858974
0 0 0.0857552
0 0 0.0857113
0 0 0.0854754
0 0 0.0854181
0 0 0.0853717
0 0 0.0850676
0 0 0.0849749
0 0 0.084833
0 0 0.0847097
0 0 0.0846023
0 0 0.0844708
0 0 0.0840295
0 0 0.0839708
0 0 0.083785
0 0 0.0837236
0 0 0.0834529
0 0 0.0833527
0 0 0.0831393
0 0 0.0830834
0 0 0.0830732
0 0 0.0827418
0 0 0.0823962
0 0 0.0820835
0 0 0.0813494
0 0 0.0811358
0 0 0.0808068
0 0 0.0807744
0 0 0.0799141
0 0 0.0791733
0 0 0.078773
0 0 0.078512
0 0 0.0782896
0 0 0.0781205
0 0 0.0781097
0 0 0.0775369
0 0 0.0767957
0 0 0.0760295
0 0 0.0757201
0 0 0.0748545
0 0 0.0731628
0 0 0.0729616
0 0 0.0729143
0 0 0.0728201
0 0 0.0679368
0 0 0.0649852
0 0 0.0513715
1 0.38038 0.431383
1 0.380865 0.429739
1 0.626871 0.664691
1 0.180317 0.203738
1 0.12551 0.146715
1 0.171959 0.192703
1 0.0973962 0.116963
1 0.11037 0.129434
1 0.18855 0.20687
1 0.131586 0.14964
1 0.180879 0.198593
1 0.18813 0.205679
1 0.155776 0.173284
1 0.0960464 0.113496
1 0.10276 0.120041
1 0.103794 0.120617
1 0.133895 0.150674
1 0.108201 0.124584
1 0.349174 0.365502
1 0.11062 0.126634
1 0.104356 0.119986
1 0.102659 0.117892
1 0.112923 0.128035
1 0.0959858 0.111039
1 0.107663 0.122507
1 0.108665 0.123453
1 0.10264 0.117285
1 0.104144 0.118751
1 0.108054 0.122507
1 0.331723 0.346007
1 0.149676 0.163772
1 0.107637 0.121726
1 0.132491 0.146233
1 0.107309 0.121023
1 0.122715 0.136226
1 0.219244 0.23272
1 0.107123 0.120586
1 0.122254 0.135559
1 0.0965367 0.1097
1 0.106749 0.119846
1 0.111951 0.124832
1 0.166509 0.17924
2 0.199214 0.211814
1 0.100909 0.113431
1 0.108666 0.12107
1 0.108587 0.120903
1 0.113752 0.125556
1 0.117807 0.129457
1 0.165465 0.176947
1 0.156639 0.168076
1 0.311592 0.32301
2 0.135824 0.147105
1 0.12497 0.136226
1 0.122361 0.133569
2 0.126799 0.137966
1 0.111993 0.123113
2 0.21387 0.224908
1 0.124747 0.135769
1 0.147787 0.158738
1 0.100117 0.111039
1 0.125916 0.136827
1 0.16091 0.171778
1 0.1664 0.177136
1 0.113631 0.124336
1 0.176185 0.186855
1 0.102469 0.112961
1 0.172076 0.182507
1 0.113982 0.124367
2 0.1418 0.1521
1 0.13332 0.143433
1 0.108936 0.118787
1 0.112308 0.121899
1 0.110113 0.119648
1 0.117566 0.12695
1 0.274772 0.284157
1 0.112411 0.121655
1 0.108238 0.117455
1 0.114605 0.123745
1 0.122645 0.131716
1 0.121332 0.130365
1 0.10752 0.116427
1 0.110917 0.119807
1 0.122803 0.131681
1 0.115011 0.123836
1 0.125223 0.134015
2 0.12241 0.131198
1 0.116807 0.125556
1 0.117723 0.126379
1 0.114233 0.122881
2 0.21314 0.221463
2 0.118894 0.127112
2 0.141896 0.15005
1 0.126245 0.13439
1 0.143204 0.151319
1 0.206434 0.214544
1 0.127272 0.135227
2 0.134511 0.142344
1 0.114167 0.121998
1 0.111929 0.11975
1 0.101967 0.109723
1 0.155158 0.162705
1 0.198479 0.205767
1 0.129247 0.136529
2 0.127903 0.13507
1 0.142502 0.14964
1 0.134019 0.141122
2 0.241998 0.249056
1 0.119098 0.126131
1 0.135911 0.142874
2 0.142365 0.149286
1 0.222195 0.229102
2 0.141896 0.148789
1 0.149449 0.156242
1 0.152125 0.158852
1 0.132356 0.139047
1 0.115149 0.121746
1 0.124328 0.130828
1 0.113227 0.119706
1 0.137634 0.143967
2 0.169907 0.176205
1 0.112636 0.118802
1 0.498865 0.505028
1 0.105588 0.111751
1 0.131836 0.137952
1 0.113701 0.119664
2 0.121577 0.127524
1 0.142343 0.14824
2 0.127359 0.133218
1 0.187696 0.193493
1 0.149145 0.154929
2 0.126483 0.132215
2 0.12631 0.132035
1 0.126609 0.132334
1 0.107977 0.113697
1 0.107919 0.11359
1 0.107204 0.11287
2 0.128827 0.134486
2 0.120607 0.126265
1 0.121394 0.127039
1 0.0992053 0.104832
2 0.149846 0.155406
1 0.131482 0.136982
1 0.160214 0.165707
1 0.11004 0.115482
2 0.128135 0.133558
1 0.111101 0.116463
1 0.113236 0.118583
1 0.110638 0.11588
1 0.114454 0.11967
1 0.107701 0.112915
2 0.126483 0.131679
2 0.130365 0.135403
2 0.113613 0.118645
2 0.147612 0.152635
1 0.114435 0.119411
2 0.121726 0.126506
2 0.143421 0.148166
1 0.130837 0.135559
2 0.123739 0.128403
1 0.113825 0.118477
1 0.103062 0.107633
1 0.10777 0.112338
1 0.119655 0.124207
1 0.106778 0.111221
1 0.1064 0.110828
1 0.113907 0.118317
1 0.134852 0.139217
2 0.143153 0.147496
2 0.127215 0.131528
1 0.127459 0.131572
1 0.112085 0.116183
1 0.126791 0.130874
2 0.122285 0.126326
2 0.132488 0.136431
2 0.126561 0.13044
1 0.138933 0.142771
2 0.178432 0.182267
1 0.126507 0.130312
2 0.113496 0.117232
2 0.116843 0.120549
2 0.129856 0.133558
1 0.108147 0.111801
1 0.113359 0.117003
2 0.114895 0.118499
2 0.125908 0.12951
2 0.123453 0.127029
1 0.122417 0.125864
1 0.122443 0.125845
2 0.1248 0.128192
1 0.108143 0.111524
1 0.158043 0.161383
1 0.11368 0.117003
2 0.126379 0.129702
1 0.115568 0.118845
1 0.116645 0.119846
1 0.0999443 0.103118
1 0.3365 0.339642
2 0.138348 0.141469
1 0.123842 0.126942
2 0.126561 0.129613
1 0.183401 0.186419
1 0.128376 0.131379
2 0.156678 0.159565
2 0.14383 0.1467
2 0.133435 0.136268
1 0.103213 0.106043
1 0.143503 0.146234
2 0.132811 0.135528
1 0.191538 0.19418
1 0.108195 0.11082
2 0.135702 0.138322
2 0.28304 0.285611
1 0.148418 0.150941
1 0.138366 0.140887
1 0.12504 0.127557
2 0.131533 0.134045
1 0.136035 0.13854
1 0.214624 0.217127
2 0.13244 0.134896
1 0.123344 0.125795
2 0.144849 0.147261
2 0.120607 0.123004
2 0.165453 0.167841
1 0.111388 0.113753
1 0.0849278 0.0872823
2 0.129359 0.131679
1 0.113643 0.115927
2 0.120617 0.122875
2 0.124492 0.126741
1 0.113173 0.115413
1 0.110576 0.112813
1 0.124012 0.12624
1 0.125287 0.127496
2 0.14069 0.142872
1 0.11749 0.11967
2 0.128707 0.130856
1 0.127519 0.129549
2 0.18445 0.18647
2 0.13737 0.139374
1 0.122064 0.124061
2 0.129857 0.13185
1 0.184472 0.186419
2 0.142421 0.144357
1 0.116841 0.118774
2 0.132966 0.134896
2 0.125827 0.127737
2 0.150748 0.152635
2 0.131334 0.133218
1 0.158582 0.160461
2 0.129018 0.130892
2 0.122531 0.124374
1 0.114038 0.11588
1 0.130867 0.132707
1 0.120646 0.122467
1 0.12768 0.129457
1 0.108017 0.1097
1 0.122424 0.124094
1 0.175478 0.177136
2 0.12682 0.128467
1 0.12455 0.12611
2 0.131784 0.133312
2 0.133663 0.135167
2 0.125098 0.126589
2 0.129856 0.131316
2 0.140949 0.142409
1 0.111288 0.112689
1 0.110419 0.111812
1 0.130348 0.131732
1 0.134641 0.136017
1 0.110271 0.111612
1 0.128619 0.129907
1 0.124414 0.125669
1 0.259081 0.260336
1 0.112655 0.113902
1 0.119407 0.12063
1 0.131763 0.132958
1 0.167922 0.169115
2 0.135019 0.136197
1 0.106582 0.107737
2 0.159209 0.160341
1 0.167963 0.169058
2 0.136037 0.137115
1 0.115491 0.116463
1 0.13671 0.137653
1 0.120971 0.121886
1 0.113779 0.114684
2 0.125887 0.126765
2 0.596223 0.597098
1 0.126684 0.127557
2 0.139298 0.140159
1 0.122774 0.123604
2 0.11681 0.117638
1 0.190189 0.191009
2 0.137571 0.138385
1 0.12149 0.122292
2 0.12588 0.12668
1 0.112291 0.113092
2 0.148294 0.149091
2 0.153607 0.154397
1 0.112098 0.11287
2 0.20424 0.205002
1 0.151134 0.151884
1 0.133254 0.133998
1 0.126258 0.126987
1 0.114384 0.115065
2 0.12892 0.129577
2 0.122423 0.123035
1 0.142557 0.143167
1 0.157818 0.158426
2 0.157969 0.158509
2 0.20424 0.204748
1 0.147566 0.147962
2 0.129959 0.130341
1 0.117585 0.117961
2 0.121449 0.121808
2 0.134151 0.134491
2 0.199123 0.199448
2 0.13435 0.134637
1 0.115607 0.115881
1 0.106865 0.107135
2 0.12624 0.126506
2 0.142421 0.142682
1 0.0906358 0.0908917
1 0.14158 0.141819
2 0.128775 0.129001
2 0.139659 0.139877
2 0.134963 0.135167
1 0.218087 0.218287
2 0.16769 0.167883
1 0.137111 0.137266
1 0.119791 0.119937
2 0.142125 0.142268
1 0.182475 0.182571
2 0.125603 0.125676
1 0.143824 0.143862
1 0.154285 0.15431
1 0.122223 0.122229
2 0.131732 0.131738
