0 0 inf
0 0 inf
0 0 inf
0 0 inf
0 0 inf
0 0 inf
0 0 inf
0 0 inf
0 0 inf
0 0 inf
0 0 inf
0 0 inf
2 0.781783 inf
0 0 inf
0 0 inf
0 0 inf
0 0 inf
0 0 inf
0 0 inf
0 0 inf
0 0 inf
0 0 inf
0 0 inf
0 0 inf
1 0.780051 inf
1 0.687739 inf
0 0 inf
0 0 inf
0 0 inf
0 0 inf
0 0 inf
0 0 inf
0 0 inf
0 0 inf
0 0 inf
0 0 inf
0 0 inf
0 0 inf
0 0 inf
0 0 inf
0 0 inf
0 0 inf
0 0 inf
0 0 inf
0 0 0.791305
0 0 0.787968
0 0 0.773439
0 0 0.767247
0 0 0.765587
0 0 0.752773
0 0 0.751797
0 0 0.749563
0 0 0.740622
0 0 0.733066
0 0 0.726176
0 0 0.718128
0 0 0.712354
0 0 0.681619
0 0 0.662374
0 0 0.654402
0 0 0.632716
0 0 0.630582
0 0 0.619793
0 0 0.617852
0 0 0.595002
0 0 0.584894
0 0 0.582137
0 0 0.580582
0 0 0.560138
0 0 0.548783
0 0 0.536299
0 0 0.532153
0 0 0.52752
0 0 0.525766
0 0 0.523867
0 0 0.51992
0 0 0.514565
0 0 0.506818
0 0 0.503051
0 0 0.498887
0 0 0.492518
0 0 0.491203
0 0 0.488816
0 0 0.484752
0 0 0.477156
0 0 0.474227
0 0 0.470251
0 0 0.468941
0 0 0.466165
0 0 0.462714
0 0 0.460188
0 0 0.459012
0 0 0.45458
0 0 0.453996
0 0 0.452917
0 0 0.449538
0 0 0.440818
0 0 0.437931
0 0 0.430383
0 0 0.428656
0 0 0.421505
0 0 0.417196
0 0 0.416057
0 0 0.407946
0 0 0.402609
0 0 0.402593
0 0 0.40208
0 0 0.39757
0 0 0.397284
0 0 0.396222
0 0 0.394604
0 0 0.392834
0 0 0.387544
0 0 0.384668
0 0 0.383672
0 0 0.383485
0 0 0.383373
0 0 0.381688
0 0 0.381377
0 0 0.379673
0 0 0.375958
0 0 0.375288
0 0 0.373834
0 0 0.372044
0 0 0.369822
0 0 0.368493
0 0 0.365781
0 0 0.362661
0 0 0.359905
0 0 0.359621
0 0 0.359353
0 0 0.357361
0 0 0.357105
0 0 0.356781
0 0 0.354944
0 0 0.354903
0 0 0.354424
0 0 0.353451
0 0 0.352468
0 0 0.351257
0 0 0.348188
0 0 0.348083
0 0 0.346745
0 0 0.342566
0 0 0.341767
0 0 0.341724
0 0 0.340608
0 0 0.339819
0 0 0.33736
0 0 0.336818
0 0 0.336027
0 0 0.332214
0 0 0.331968
0 0 0.331351
0 0 0.330584
0 0 0.329972
0 0 0.329195
0 0 0.328665
0 0 0.327792
0 0 0.327297
0 0 0.323843
0 0 0.323554
0 0 0.322162
0 0 0.3162
0 0 0.31187
0 0 0.310271
0 0 0.309636
0 0 0.308288
0 0 0.307325
0 0 0.305784
0 0 0.305214
0 0 0.304378
0 0 0.302542
0 0 0.302152
0 0 0.298996
0 0 0.295774
0 0 0.293614
0 0 0.292559
0 0 0.291143
0 0 0.285947
0 0 0.285873
0 0 0.285778
0 0 0.284611
0 0 0.284357
0 0 0.282384
0 0 0.281521
0 0 0.280921
0 0 0.280032
0 0 0.278699
0 0 0.278195
0 0 0.277859
0 0 0.27623
0 0 0.275123
0 0 0.274212
0 0 0.273405
0 0 0.273222
0 0 0.269646
0 0 0.267863
0 0 0.266629
0 0 0.266519
0 0 0.265149
0 0 0.264302
0 0 0.263983
0 0 0.263826
0 0 0.262182
0 0 0.258502
0 0 0.257186
0 0 0.256561
0 0 0.256509
0 0 0.253756
0 0 0.251273
0 0 0.251003
0 0 0.250453
0 0 0.247396
0 0 0.247023
0 0 0.246998
0 0 0.24664
0 0 0.245265
0 0 0.241515
0 0 0.239605
0 0 0.239111
0 0 0.237863
0 0 0.237849
0 0 0.235469
0 0 0.235338
0 0 0.235337
0 0 0.234477
0 0 0.233968
0 0 0.23376
0 0 0.23322
0 0 0.233192
0 0 0.232604
0 0 0.231943
0 0 0.229854
0 0 0.226689
0 0 0.224808
0 0 0.224061
0 0 0.222841
0 0 0.222727
0 0 0.222075
0 0 0.219942
0 0 0.217835
0 0 0.216971
0 0 0.216776
0 0 0.216645
0 0 0.215742
0 0 0.215729
0 0 0.214909
0 0 0.214352
0 0 0.214235
0 0 0.213295
0 0 0.212592
0 0 0.210429
0 0 0.208637
0 0 0.208475
0 0 0.20792
0 0 0.206796
0 0 0.206054
0 0 0.205772
0 0 0.205548
0 0 0.205407
0 0 0.205265
0 0 0.204622
0 0 0.203913
0 0 0.20364
0 0 0.203519
0 0 0.203445
0 0 0.200256
0 0 0.199579
0 0 0.19833
0 0 0.196878
0 0 0.196161
0 0 0.19465
0 0 0.190851
0 0 0.190824
0 0 0.189172
0 0 0.188945
0 0 0.186565
0 0 0.18613
0 0 0.184187
0 0 0.183526
0 0 0.183281
0 0 0.182476
0 0 0.181556
0 0 0.180178
0 0 0.17983
0 0 0.179373
0 0 0.176792
0 0 0.176508
0 0 0.176143
0 0 0.176009
0 0 0.175794
0 0 0.174281
0 0 0.173393
0 0 0.172773
0 0 0.172396
0 0 0.172161
0 0 0.17019
0 0 0.170007
0 0 0.169882
0 0 0.169311
0 0 0.168805
0 0 0.16752
0 0 0.166647
0 0 0.166444
0 0 0.165369
0 0 0.161104
0 0 0.160907
0 0 0.158672
0 0 0.157997
0 0 0.15711
0 0 0.156404
0 0 0.154923
0 0 0.154876
0 0 0.154122
0 0 0.15356
0 0 0.151117
0 0 0.150321
0 0 0.149927
0 0 0.149883
0 0 0.146144
0 0 0.145922
0 0 0.145649
0 0 0.145383
0 0 0.144903
0 0 0.144151
0 0 0.14402
0 0 0.143617
0 0 0.142806
0 0 0.142601
0 0 0.141994
0 0 0.140344
0 0 0.140239
0 0 0.138633
0 0 0.137782
0 0 0.136485
1 0.408465 0.544203
0 0 0.135363
0 0 0.134921
0 0 0.13474
0 0 0.133888
1 0.40004 0.533664
0 0 0.132962
0 0 0.13187
0 0 0.131408
0 0 0.130888
0 0 0.130572
0 0 0.130496
0 0 0.129775
0 0 0.128656
0 0 0.127858
1 0.469882 0.59523
0 0 0.124803
0 0 0.123743
1 0.562321 0.685572
0 0 0.122768
0 0 0.122726
0 0 0.122661
0 0 0.122242
0 0 0.121711
0 0 0.121627
0 0 0.121291
0 0 0.121201
0 0 0.119682
0 0 0.119518
0 0 0.119195
1 0.402088 0.520801
0 0 0.115806
1 0.588407 0.704132
0 0 0.115604
0 0 0.115402
0 0 0.115389
0 0 0.114175
0 0 0.112897
0 0 0.112423
0 0 0.112022
0 0 0.111098
0 0 0.111019
0 0 0.110891
0 0 0.110174
0 0 0.108938
0 0 0.107595
0 0 0.107443
0 0 0.107405
0 0 0.107401
1 0.402045 0.506758
1 0.694513 0.798902
0 0 0.103794
0 0 0.102983
0 0 0.101534
0 0 0.101322
0 0 0.10105
0 0 0.100331
0 0 0.100278
0 0 0.0991459
0 0 0.0977309
0 0 0.097281
0 0 0.0966585
0 0 0.0962803
0 0 0.0958537
0 0 0.0940003
0 0 0.0895567
0 0 0.0889681
1 0.451458 0.540118
0 0 0.0875419
0 0 0.0849009
0 0 0.0845484
0 0 0.083321
0 0 0.0827745
0 0 0.0817488
0 0 0.0807822
1 0.468436 0.548498
1 0.53634 0.614393
1 0.358863 0.436456
0 0 0.0743207
1 0.418355 0.487766
1 0.476132 0.543698
1 0.418607 0.480638
1 0.684335 0.74623
1 0.377418 0.43143
1 0.377617 0.431397
1 0.322604 0.373685
1 0.181843 0.232822
1 0.209404 0.259433
1 0.379117 0.429139
1 0.333101 0.380839
2 0.541663 0.583872
1 0.391647 0.430948
1 0.478246 0.516241
1 0.294509 0.332437
1 0.339025 0.376825
1 0.400537 0.438001
1 0.517685 0.552397
1 0.406336 0.440817
1 0.335681 0.370067
1 0.51833 0.551662
1 0.353239 0.386508
1 0.273817 0.307069
1 0.498235 0.530258
1 0.441241 0.473214
1 0.485974 0.517626
1 0.17997 0.210658
1 0.198851 0.229399
1 0.492118 0.52218
1 0.282144 0.312155
1 0.530304 0.559119
1 0.3759 0.404316
1 0.376109 0.404167
2 0.731651 0.758793
1 0.437343 0.463723
1 0.418993 0.444758
1 0.359821 0.385454
1 0.180366 0.205898
1 0.41573 0.440817
1 0.148721 0.173603
1 0.33581 0.36057
1 0.487366 0.511744
1 0.273707 0.297725
1 0.371193 0.394942
1 0.18411 0.207855
1 0.412908 0.436608
1 0.204696 0.228365
1 0.289836 0.313024
1 0.108613 0.131669
1 0.210845 0.233127
1 0.381357 0.403404
1 0.245308 0.265948
2 0.463922 0.483828
1 0.144751 0.164289
1 0.408618 0.428027
1 0.14666 0.165881
1 0.336658 0.355096
1 0.145804 0.164084
1 0.263397 0.281507
1 0.248685 0.266558
1 0.119732 0.137585
2 0.608611 0.626361
1 0.290803 0.308276
2 0.233977 0.251207
1 0.14758 0.164499
1 0.756571 0.772687
1 0.443068 0.458695
1 0.73987 0.755289
1 0.129877 0.145295
1 0.34172 0.357042
1 0.218815 0.233977
1 0.129258 0.144414
1 0.138226 0.152772
2 0.469298 0.483828
1 0.133598 0.147924
1 0.347778 0.362024
1 0.122867 0.136966
2 0.218222 0.2322
1 0.250114 0.263926
2 0.572126 0.585912
1 0.325526 0.339285
2 0.550802 0.564131
1 0.180522 0.193724
1 0.19361 0.206174
1 0.113725 0.126267
1 0.179862 0.191931
2 0.165881 0.177809
1 0.142088 0.15373
1 0.573725 0.585145
1 0.425206 0.436608
1 0.506597 0.51719
1 0.348345 0.358725
1 0.551745 0.562103
1 0.60422 0.614393
2 0.567439 0.577277
1 0.385935 0.39549
1 0.151572 0.16108
1 0.14469 0.154093
1 0.521161 0.530258
1 0.183765 0.192782
1 0.42297 0.43196
2 0.234961 0.243684
1 0.182487 0.191078
1 0.286606 0.295131
1 0.60406 0.61236
1 0.215 0.223206
1 0.288808 0.296871
2 0.473929 0.481797
1 0.114557 0.122396
2 0.523323 0.531045
1 0.223716 0.231116
1 0.72131 0.728297
1 0.126824 0.133525
1 0.113606 0.120258
1 0.606448 0.613064
1 0.322101 0.328648
1 0.425087 0.431511
1 0.206302 0.212538
1 0.401462 0.407578
2 0.471229 0.477287
1 0.401759 0.407712
2 0.192038 0.197835
1 0.331156 0.336947
1 0.222019 0.227806
1 0.256506 0.261831
1 0.330871 0.336162
1 0.126524 0.131587
2 0.247787 0.252571
1 0.216651 0.221272
1 0.390195 0.394596
2 0.195361 0.199696
2 0.531204 0.535527
1 0.506601 0.51089
1 0.199275 0.203325
1 0.312752 0.316782
2 0.414048 0.417837
2 0.229113 0.232618
1 0.170639 0.174052
1 0.463354 0.466762
2 0.543849 0.547172
2 0.283593 0.286862
2 0.149143 0.152289
1 0.141292 0.144414
2 0.218272 0.221218
2 0.528453 0.53103
1 0.262494 0.264912
1 0.381233 0.383629
2 0.147351 0.149278
1 0.193394 0.195168
1 0.493853 0.495349
1 0.27085 0.272259
1 0.137224 0.138628
1 0.145571 0.146944
1 0.417271 0.418503
1 0.12965 0.130866
1 0.168922 0.170085
2 0.242223 0.243129
2 0.16094 0.16175
1 0.167454 0.168194
1 0.554529 0.555267
1 0.357242 0.357877
1 0.387013 0.387642
1 0.110268 0.110879
1 0.130689 0.131091
2 0.133983 0.13433
1 0.126437 0.126453
