1 0.782214 inf
0 0 inf
0 0 inf
0 0 inf
0 0 inf
0 0 inf
0 0 inf
0 0 inf
0 0 0.786775
0 0 0.76175
0 0 0.755667
0 0 0.70674
0 0 0.698078
0 0 0.686933
0 0 0.684294
0 0 0.659625
0 0 0.62157
0 0 0.576325
0 0 0.559509
0 0 0.542226
0 0 0.525687
0 0 0.523585
0 0 0.515048
0 0 0.513753
0 0 0.496428
0 0 0.492562
0 0 0.462334
0 0 0.442953
0 0 0.427406
0 0 0.415607
0 0 0.390575
0 0 0.384746
0 0 0.384522
0 0 0.382004
0 0 0.363104
0 0 0.361332
0 0 0.35637
0 0 0.350214
0 0 0.344449
0 0 0.343617
0 0 0.343521
0 0 0.342659
0 0 0.3393
0 0 0.336174
0 0 0.332167
0 0 0.329592
0 0 0.328155
0 0 0.322847
0 0 0.321941
0 0 0.318941
0 0 0.314867
0 0 0.309518
0 0 0.306764
0 0 0.303098
0 0 0.301165
0 0 0.297835
0 0 0.293573
0 0 0.29225
0 0 0.292225
0 0 0.291941
0 0 0.291249
0 0 0.287228
0 0 0.286645
0 0 0.284274
0 0 0.282827
0 0 0.281022
0 0 0.27995
0 0 0.279651
0 0 0.277658
0 0 0.276581
0 0 0.276111
0 0 0.275927
0 0 0.274756
0 0 0.273939
0 0 0.269663
0 0 0.269416
0 0 0.26636
0 0 0.265335
0 0 0.264267
0 0 0.260777
0 0 0.260109
0 0 0.254002
0 0 0.249519
0 0 0.24778
0 0 0.244158
0 0 0.237389
0 0 0.236831
0 0 0.232878
0 0 0.226857
0 0 0.224728
0 0 0.22225
0 0 0.220289
0 0 0.218668
0 0 0.216815
0 0 0.212116
0 0 0.211716
0 0 0.210654
0 0 0.210431
0 0 0.210372
0 0 0.207179
0 0 0.206455
0 0 0.206138
0 0 0.205784
0 0 0.20505
0 0 0.20502
0 0 0.204272
0 0 0.203953
0 0 0.203575
0 0 0.203325
0 0 0.198698
0 0 0.19837
0 0 0.198348
0 0 0.198213
0 0 0.197145
0 0 0.196261
0 0 0.195482
0 0 0.195219
0 0 0.195044
0 0 0.194719
0 0 0.194473
0 0 0.193625
0 0 0.193544
0 0 0.192434
0 0 0.192258
0 0 0.192098
0 0 0.191934
0 0 0.191765
0 0 0.191444
0 0 0.190925
0 0 0.189031
0 0 0.188178
0 0 0.187419
0 0 0.181505
0 0 0.18136
0 0 0.180867
0 0 0.180244
0 0 0.180233
0 0 0.179789
0 0 0.179338
0 0 0.177958
0 0 0.177818
0 0 0.177263
0 0 0.176316
0 0 0.174979
0 0 0.174695
0 0 0.174312
0 0 0.172874
0 0 0.172468
0 0 0.172012
0 0 0.171845
0 0 0.170023
0 0 0.169996
0 0 0.168396
0 0 0.167968
0 0 0.1676
0 0 0.166977
0 0 0.166883
0 0 0.16665
0 0 0.166212
0 0 0.164236
0 0 0.161127
0 0 0.161101
0 0 0.161085
0 0 0.159773
0 0 0.159213
0 0 0.158788
0 0 0.158572
0 0 0.157451
0 0 0.156802
0 0 0.156769
0 0 0.156324
0 0 0.156307
0 0 0.156025
0 0 0.155983
0 0 0.155817
0 0 0.154692
0 0 0.154511
0 0 0.153601
0 0 0.153317
0 0 0.152581
0 0 0.152427
0 0 0.152342
0 0 0.15212
0 0 0.150913
0 0 0.150763
0 0 0.150745
0 0 0.15033
0 0 0.150271
0 0 0.149711
0 0 0.148321
0 0 0.14777
0 0 0.147508
0 0 0.147224
0 0 0.146422
0 0 0.146361
0 0 0.145684
0 0 0.144255
0 0 0.144197
0 0 0.143834
0 0 0.142552
0 0 0.141085
0 0 0.140295
0 0 0.140111
0 0 0.13911
0 0 0.137309
0 0 0.136886
0 0 0.136418
0 0 0.136268
0 0 0.13624
0 0 0.135796
0 0 0.135468
0 0 0.134338
0 0 0.133403
0 0 0.133066
0 0 0.132641
0 0 0.132036
0 0 0.13031
0 0 0.129505
0 0 0.129457
0 0 0.129184
0 0 0.128989
0 0 0.128572
0 0 0.128355
0 0 0.128141
0 0 0.128004
0 0 0.127681
0 0 0.126843
0 0 0.126221
0 0 0.126042
0 0 0.124792
0 0 0.124733
0 0 0.123948
0 0 0.123719
0 0 0.123261
0 0 0.12291
0 0 0.122876
0 0 0.122841
0 0 0.122123
0 0 0.121429
0 0 0.12078
0 0 0.12067
0 0 0.120328
0 0 0.120093
0 0 0.119905
0 0 0.118993
0 0 0.118273
0 0 0.118223
0 0 0.118157
0 0 0.11779
0 0 0.11726
0 0 0.117057
0 0 0.116849
0 0 0.115773
0 0 0.115656
0 0 0.114651
0 0 0.1142
0 0 0.114164
0 0 0.113812
0 0 0.113477
0 0 0.113326
0 0 0.113186
0 0 0.113159
0 0 0.112584
0 0 0.112345
0 0 0.112036
0 0 0.111908
0 0 0.11149
0 0 0.110083
0 0 0.109905
0 0 0.109748
0 0 0.109712
0 0 0.109435
0 0 0.108176
0 0 0.108174
0 0 0.108114
0 0 0.107639
0 0 0.107419
0 0 0.107395
0 0 0.107024
0 0 0.106717
0 0 0.106586
0 0 0.106383
0 0 0.106348
0 0 0.105815
0 0 0.104471
0 0 0.10402
0 0 0.103686
0 0 0.103339
0 0 0.102759
0 0 0.102722
0 0 0.101803
0 0 0.101149
0 0 0.100136
0 0 0.100102
0 0 0.0995658
0 0 0.0994583
0 0 0.0991919
0 0 0.0987362
0 0 0.0980046
0 0 0.0977363
0 0 0.097692
0 0 0.0973476
0 0 0.0971615
0 0 0.0968424
0 0 0.0966011
0 0 0.0962407
0 0 0.0961664
0 0 0.0959574
0 0 0.0958999
0 0 0.0958486
0 0 0.0958112
0 0 0.0956769
0 0 0.095535
0 0 0.0954167
0 0 0.0944664
0 0 0.0944218
0 0 0.0941834
0 0 0.0937045
0 0 0.0933654
0 0 0.0923142
0 0 0.0922398
0 0 0.0921301
0 0 0.0921149
0 0 0.0909226
0 0 0.0895081
0 0 0.0892842
0 0 0.0891539
0 0 0.0887264
0 0 0.0879847
0 0 0.0879252
0 0 0.0879146
0 0 0.0876816
0 0 0.0874861
0 0 0.0874804
0 0 0.0873954
0 0 0.0872409
0 0 0.0870707
0 0 0.0869431
0 0 0.0869212
0 0 0.0867144
0 0 0.0863395
0 0 0.0862087
0 0 0.085434
0 0 0.0854062
0 0 0.0851748
0 0 0.0849714
0 0 0.0849609
0 0 0.0848012
0 0 0.0846677
0 0 0.0846623
0 0 0.0845836
0 0 0.0840829
0 0 0.0834842
0 0 0.0834107
0 0 0.0832264
0 0 0.0820926
0 0 0.0820424
0 0 0.0820004
0 0 0.0819217
0 0 0.0814907
0 0 0.0813928
0 0 0.0809487
0 0 0.0800219
0 0 0.0795544
0 0 0.0795273
0 0 0.0794052
0 0 0.079381
0 0 0.0789918
0 0 0.0788224
0 0 0.0786008
0 0 0.0777452
0 0 0.077588
0 0 0.0771561
0 0 0.0767397
0 0 0.0763157
0 0 0.0761917
0 0 0.0759723
0 0 0.0758211
0 0 0.0755295
0 0 0.0749524
0 0 0.0745299
0 0 0.0734724
0 0 0.0730727
0 0 0.0729298
0 0 0.0726149
1 0.311635 0.383084
0 0 0.0706926
0 0 0.0705102
0 0 0.0696839
0 0 0.0692602
0 0 0.0688153
0 0 0.0679936
0 0 0.0678341
0 0 0.0675652
0 0 0.0674392
0 0 0.0645765
0 0 0.0636883
1 0.328656 0.39113
1 0.319571 0.380041
0 0 0.0595938
0 0 0.0594799
0 0 0.0577988
0 0 0.0557484
0 0 0.0543312
1 0.338782 0.391128
1 0.197084 0.248817
1 0.216919 0.268402
1 0.124384 0.16438
1 0.167162 0.206192
1 0.145851 0.184754
1 0.371125 0.410025
1 0.27665 0.315382
1 0.220246 0.256686
1 0.252097 0.288005
1 0.255423 0.291023
1 0.16023 0.194164
1 0.223203 0.256451
1 0.311748 0.344952
1 0.214893 0.247613
1 0.254908 0.286408
1 0.394015 0.425349
1 0.276496 0.307815
1 0.518426 0.547699
1 0.0883763 0.116042
1 0.241572 0.269062
1 0.238026 0.264961
2 0.370469 0.396515
1 0.156744 0.182569
1 0.440513 0.466298
1 0.286084 0.311379
1 0.209895 0.234894
1 0.19429 0.218697
1 0.276325 0.300417
1 0.324168 0.347586
1 0.168837 0.191985
1 0.154371 0.177047
1 0.187318 0.209465
1 0.153104 0.175189
1 0.0960351 0.117971
1 0.216991 0.238272
1 0.179068 0.199951
1 0.206538 0.226888
1 0.15634 0.176683
1 0.136986 0.157168
1 0.120954 0.140751
1 0.228547 0.247879
1 0.11378 0.132616
1 0.135185 0.154013
1 0.130863 0.149624
1 0.12019 0.138548
1 0.0958653 0.114
1 0.0996344 0.117617
1 0.144147 0.161909
1 0.110717 0.12822
1 0.145478 0.162551
1 0.566291 0.583151
2 0.169301 0.1854
1 0.414259 0.430159
1 0.170943 0.186763
2 0.276278 0.292094
1 0.103881 0.119161
1 0.122677 0.137942
1 0.192425 0.207539
1 0.11798 0.132779
1 0.153238 0.167643
1 0.187309 0.201603
1 0.201967 0.215616
1 0.0837658 0.0972459
1 0.124367 0.137826
1 0.115427 0.128795
1 0.386827 0.400132
1 0.0891277 0.102331
1 0.16208 0.175195
1 0.146765 0.159821
1 0.155841 0.168629
1 0.153006 0.165604
1 0.123881 0.136365
1 0.0878071 0.100203
1 0.138819 0.1512
1 0.0819954 0.0943632
1 0.211067 0.223351
1 0.105331 0.117509
1 0.104418 0.116545
1 0.179623 0.191677
1 0.12335 0.13539
1 0.107229 0.11926
1 0.0877365 0.0996155
1 0.0892068 0.10105
1 0.089955 0.101727
1 0.124707 0.136365
1 0.288526 0.300161
2 0.276588 0.288005
1 0.0905601 0.101753
1 0.13719 0.147912
1 0.0877147 0.0984156
1 0.187651 0.198179
1 0.155053 0.165521
1 0.353584 0.363977
1 0.144377 0.154676
1 0.144623 0.15417
1 0.139788 0.149283
2 0.475042 0.484087
2 0.135872 0.144783
1 0.146134 0.1548
1 0.128831 0.137353
1 0.0879571 0.0964197
1 0.144941 0.153053
1 0.123797 0.131771
1 0.122585 0.130407
1 0.173434 0.181123
1 0.0958384 0.103496
1 0.190412 0.198
1 0.111991 0.119565
1 0.40343 0.41097
1 0.110765 0.118276
1 0.0912296 0.0987341
1 0.120997 0.128427
1 0.163831 0.171155
1 0.158666 0.165776
1 0.133586 0.140431
2 0.102061 0.108772
1 0.0927003 0.0991758
1 0.145579 0.152015
1 0.0886966 0.095125
1 0.100342 0.106681
1 0.11734 0.1236
2 0.105344 0.111423
1 0.105717 0.111713
1 0.08642 0.0924102
1 0.104033 0.109984
1 0.0921473 0.0980591
1 0.283762 0.289594
2 0.135257 0.141085
2 0.15585 0.161592
1 0.107454 0.112915
1 0.132325 0.137722
1 0.124315 0.129693
1 0.10866 0.114
1 0.523987 0.529144
1 0.0909738 0.0961028
1 0.218384 0.22339
1 0.0984988 0.103496
1 0.132343 0.137273
1 0.153005 0.157889
2 0.139086 0.143875
1 0.0932968 0.0980591
2 0.139381 0.14408
2 0.172048 0.176528
2 0.123081 0.127515
2 0.106727 0.111145
1 0.405644 0.410025
1 0.101282 0.105644
1 0.137089 0.141269
2 0.161535 0.16567
1 0.0871033 0.0912158
1 0.215787 0.219728
1 0.12511 0.128916
2 0.268528 0.272316
1 0.15674 0.160515
2 0.140816 0.144591
1 0.0874321 0.0912018
1 0.0941771 0.097917
1 0.0930225 0.0967517
1 0.157151 0.160862
1 0.134383 0.138046
1 0.0850957 0.0887301
2 0.106131 0.109726
1 0.134496 0.138053
1 0.106353 0.109907
1 0.117736 0.121152
1 0.204347 0.207744
1 0.0978886 0.101225
1 0.156712 0.159949
1 0.212589 0.215807
1 0.0782785 0.0814836
1 0.116847 0.119907
2 0.478168 0.481217
1 0.148677 0.151725
1 0.156817 0.159825
1 0.118993 0.121969
2 0.145698 0.148662
1 0.105618 0.108565
2 0.103304 0.106242
1 0.143106 0.14602
1 0.137551 0.140412
2 0.205503 0.208248
2 0.125349 0.12807
1 0.166693 0.16939
2 0.107687 0.110296
1 0.101871 0.104461
1 0.0936986 0.0962254
2 0.189959 0.1923
1 0.126473 0.128812
1 0.101001 0.103304
1 0.0988251 0.101093
2 0.198365 0.200616
2 0.118201 0.120422
2 0.126933 0.12903
2 0.197131 0.199176
1 0.12615 0.128117
1 0.149355 0.151308
1 0.171932 0.173694
1 0.1463 0.147978
2 0.1394 0.14103
2 0.129637 0.131204
1 0.110266 0.111726
2 0.108481 0.109927
1 0.128562 0.130002
1 0.149722 0.151115
2 0.103828 0.10519
1 0.115603 0.116884
1 0.122834 0.124074
1 0.196875 0.198114
2 0.125152 0.126343
1 0.141144 0.142316
1 0.155656 0.156783
1 0.241594 0.242684
1 0.163134 0.16421
1 0.101794 0.102858
1 0.252661 0.253683
2 0.140677 0.141699
1 0.129339 0.130331
1 0.181165 0.182156
2 0.119801 0.120762
1 0.102117 0.102981
1 0.367919 0.368772
2 0.184754 0.185479
2 0.109618 0.110296
1 0.105321 0.105912
2 0.119951 0.120537
1 0.263025 0.263592
2 0.211286 0.211813
1 0.0929718 0.0934962
1 0.177205 0.177709
2 0.119202 0.119706
1 0.0882691 0.0887301
1 0.134957 0.135288
2 0.18901 0.189222
1 0.219468 0.2196
1 0.1654 0.165521
