0 0 inf
0 0 inf
0 0 inf
0 0 inf
0 0 inf
0 0 inf
0 0 0.794557
0 0 0.789137
0 0 0.751357
0 0 0.743577
0 0 0.66361
0 0 0.659844
0 0 0.651174
0 0 0.627084
0 0 0.599402
0 0 0.572266
0 0 0.532667
0 0 0.531998
0 0 0.521295
0 0 0.520258
0 0 0.509606
0 0 0.490021
0 0 0.485106
0 0 0.473386
0 0 0.462238
0 0 0.446457
0 0 0.445324
0 0 0.432951
0 0 0.427948
0 0 0.425885
0 0 0.422948
0 0 0.398738
0 0 0.397982
0 0 0.394117
0 0 0.39093
0 0 0.379265
0 0 0.372663
0 0 0.372395
0 0 0.371552
0 0 0.368907
0 0 0.367213
0 0 0.363848
0 0 0.361095
0 0 0.359511
0 0 0.357675
0 0 0.348385
0 0 0.348367
0 0 0.345202
0 0 0.330646
0 0 0.326719
0 0 0.324277
0 0 0.323844
0 0 0.311901
0 0 0.285538
0 0 0.28479
0 0 0.28291
0 0 0.280295
0 0 0.279548
0 0 0.278075
0 0 0.274688
0 0 0.273246
0 0 0.267147
0 0 0.265367
0 0 0.264218
0 0 0.264052
0 0 0.261738
0 0 0.25455
0 0 0.252042
0 0 0.251852
0 0 0.250539
0 0 0.249203
0 0 0.24821
0 0 0.24452
0 0 0.241876
0 0 0.241408
0 0 0.238698
0 0 0.231592
0 0 0.229337
0 0 0.22849
0 0 0.226702
0 0 0.226211
0 0 0.224015
0 0 0.22328
0 0 0.21998
0 0 0.217942
0 0 0.216539
0 0 0.214736
0 0 0.214327
0 0 0.212511
0 0 0.211543
0 0 0.211307
0 0 0.209976
0 0 0.207837
0 0 0.207484
0 0 0.205347
0 0 0.203464
0 0 0.201789
0 0 0.197353
0 0 0.196718
0 0 0.196309
0 0 0.195928
0 0 0.19334
0 0 0.188011
0 0 0.187962
0 0 0.186374
0 0 0.186289
0 0 0.185782
0 0 0.184706
0 0 0.181944
0 0 0.181526
0 0 0.181044
0 0 0.180161
0 0 0.175523
0 0 0.17505
0 0 0.173964
0 0 0.172646
0 0 0.168664
0 0 0.167999
0 0 0.167618
0 0 0.167416
0 0 0.167267
0 0 0.167111
0 0 0.16656
0 0 0.16585
0 0 0.165729
0 0 0.165718
0 0 0.161564
0 0 0.159577
0 0 0.159487
0 0 0.158639
0 0 0.15795
0 0 0.157631
0 0 0.156589
0 0 0.156187
0 0 0.154978
0 0 0.154843
0 0 0.154592
0 0 0.154013
0 0 0.153
0 0 0.15049
0 0 0.150349
0 0 0.149693
0 0 0.149058
0 0 0.14891
0 0 0.147443
0 0 0.147331
0 0 0.146056
0 0 0.145229
0 0 0.145172
0 0 0.144086
0 0 0.143861
0 0 0.14373
0 0 0.143711
0 0 0.143684
1 0.423156 0.564895
0 0 0.140626
0 0 0.139548
0 0 0.139045
0 0 0.137123
0 0 0.136834
0 0 0.135899
0 0 0.134245
0 0 0.133365
0 0 0.133192
0 0 0.132733
0 0 0.131572
0 0 0.130908
0 0 0.130894
0 0 0.130627
0 0 0.130416
0 0 0.1299
0 0 0.129084
0 0 0.128878
0 0 0.128844
0 0 0.127813
0 0 0.127645
0 0 0.127135
0 0 0.126448
0 0 0.126201
0 0 0.125738
0 0 0.125584
0 0 0.124742
0 0 0.124717
0 0 0.124619
0 0 0.124503
0 0 0.124267
0 0 0.123719
0 0 0.123705
0 0 0.123665
0 0 0.123499
0 0 0.122923
0 0 0.12274
0 0 0.122145
0 0 0.121963
0 0 0.120124
0 0 0.119816
0 0 0.119584
0 0 0.119231
0 0 0.118197
0 0 0.118035
0 0 0.1179
0 0 0.117535
0 0 0.11752
0 0 0.117463
0 0 0.117428
0 0 0.116093
0 0 0.115461
0 0 0.114606
0 0 0.114092
0 0 0.113192
0 0 0.113055
0 0 0.112868
0 0 0.112795
0 0 0.11263
0 0 0.11262
0 0 0.112506
0 0 0.112434
0 0 0.111976
0 0 0.111315
0 0 0.110244
0 0 0.110089
0 0 0.110063
0 0 0.109797
0 0 0.109688
0 0 0.109178
0 0 0.108995
0 0 0.10855
0 0 0.107702
0 0 0.107464
0 0 0.107348
0 0 0.107059
0 0 0.10699
0 0 0.106646
0 0 0.10651
0 0 0.10614
0 0 0.106086
0 0 0.105955
0 0 0.105763
0 0 0.105677
0 0 0.105565
0 0 0.105378
0 0 0.105329
0 0 0.105259
0 0 0.105222
0 0 0.105125
0 0 0.104786
0 0 0.104596
0 0 0.104452
0 0 0.104395
0 0 0.10439
0 0 0.103492
0 0 0.103337
0 0 0.103075
0 0 0.102772
0 0 0.102749
0 0 0.10249
0 0 0.102227
0 0 0.102106
0 0 0.101843
0 0 0.101544
0 0 0.101395
0 0 0.101083
0 0 0.100915
0 0 0.100759
0 0 0.100651
0 0 0.100477
0 0 0.0999124
0 0 0.0998278
0 0 0.0997068
0 0 0.0991007
0 0 0.0990551
0 0 0.098658
0 0 0.0982122
0 0 0.0979668
0 0 0.0977013
0 0 0.0974327
0 0 0.0971523
0 0 0.0970699
0 0 0.0968098
0 0 0.0967252
1 0.231209 0.327886
0 0 0.0965182
0 0 0.096468
0 0 0.0964602
0 0 0.096161
0 0 0.0961389
0 0 0.096124
0 0 0.0961085
0 0 0.0959162
0 0 0.0956827
0 0 0.095372
0 0 0.0949915
0 0 0.0949857
0 0 0.0949299
0 0 0.0946556
1 0.322952 0.417391
0 0 0.0943152
0 0 0.0936606
0 0 0.09357
0 0 0.0934911
0 0 0.0931098
0 0 0.0929036
0 0 0.0928864
0 0 0.0928624
0 0 0.0927011
0 0 0.0924219
0 0 0.092381
0 0 0.0922801
0 0 0.0922157
0 0 0.092105
0 0 0.0919276
0 0 0.0913353
0 0 0.0911282
0 0 0.0907985
0 0 0.0902792
0 0 0.0901997
0 0 0.0901007
0 0 0.0899615
0 0 0.0896176
0 0 0.0893237
0 0 0.0891397
0 0 0.0889881
1 0.450215 0.538678
0 0 0.0881195
0 0 0.0879482
0 0 0.087553
0 0 0.0874557
0 0 0.0868381
0 0 0.0868093
0 0 0.0867462
0 0 0.0862604
0 0 0.0856459
0 0 0.0853593
0 0 0.0850628
0 0 0.0848153
0 0 0.0846495
0 0 0.0840699
0 0 0.0834385
0 0 0.0832293
0 0 0.0824736
0 0 0.0823826
0 0 0.082151
0 0 0.0819663
0 0 0.081525
0 0 0.0811831
0 0 0.0810779
0 0 0.0800846
0 0 0.0800146
0 0 0.0793309
0 0 0.0792714
0 0 0.0791894
0 0 0.0788012
0 0 0.0786813
0 0 0.0784718
0 0 0.0783923
0 0 0.0782059
0 0 0.077899
0 0 0.0774253
0 0 0.0772708
0 0 0.0768478
0 0 0.0764719
0 0 0.0763544
0 0 0.076347
0 0 0.0761399
0 0 0.075835
0 0 0.0757065
0 0 0.0749498
0 0 0.0749408
0 0 0.0747485
0 0 0.0747242
0 0 0.0745806
0 0 0.0743663
0 0 0.0742003
0 0 0.0732537
0 0 0.0730383
0 0 0.0723288
0 0 0.07232
0 0 0.0715888
0 0 0.0708937
0 0 0.0708267
0 0 0.0708227
0 0 0.0704905
0 0 0.0702459
0 0 0.0698654
0 0 0.0691926
0 0 0.0690947
0 0 0.0689053
0 0 0.0687274
0 0 0.0686043
0 0 0.0685984
0 0 0.0685903
0 0 0.0679654
0 0 0.0675819
0 0 0.0670598
1 0.223545 0.290113
0 0 0.0665301
1 0.304169 0.370671
0 0 0.065976
0 0 0.0659358
0 0 0.0655661
0 0 0.063465
0 0 0.0634389
0 0 0.0608535
0 0 0.0596203
1 0.220984 0.277719
0 0 0.0565083
0 0 0.0547181
1 0.470736 0.521764
1 0.492406 0.542473
1 0.46463 0.512468
1 0.15151 0.193513
1 0.129939 0.168985
1 0.294967 0.331483
1 0.106463 0.1429
1 0.468948 0.50492
1 0.147607 0.182499
1 0.618779 0.65336
1 0.509434 0.542834
1 0.1461 0.176584
1 0.0865759 0.116968
1 0.145062 0.174873
1 0.130341 0.156359
1 0.130404 0.156047
1 0.0828055 0.107779
1 0.282459 0.307339
1 0.159013 0.183108
1 0.221699 0.245379
1 0.173968 0.197552
1 0.250617 0.273963
1 0.160987 0.184235
1 0.363491 0.386274
1 0.109845 0.132514
1 0.141402 0.163117
1 0.304108 0.325106
1 0.105465 0.126188
1 0.134946 0.155649
1 0.149621 0.170102
2 0.295373 0.31556
1 0.159852 0.179833
1 0.159311 0.178863
1 0.0961851 0.115573
1 0.0998387 0.119181
1 0.188469 0.207136
1 0.101346 0.119582
1 0.320561 0.338747
1 0.111808 0.129724
1 0.177009 0.194894
1 0.477995 0.495412
1 0.169906 0.187095
1 0.133118 0.150223
1 0.117627 0.134447
1 0.083668 0.100295
1 0.111032 0.127559
1 0.0850935 0.10139
1 0.0882709 0.104068
1 0.170027 0.185361
1 0.091962 0.107261
1 0.114078 0.129038
1 0.113539 0.128223
1 0.11231 0.126851
1 0.100963 0.115235
1 0.124558 0.138702
1 0.17779 0.19158
1 0.153144 0.166829
1 0.274698 0.287977
1 0.122865 0.136068
1 0.145372 0.15832
1 0.191877 0.204649
1 0.0806226 0.0933385
1 0.180733 0.193024
1 0.119563 0.131845
1 0.220372 0.232553
1 0.130873 0.143046
1 0.0963982 0.108466
1 0.109381 0.121135
2 0.143274 0.155017
1 0.10954 0.121219
1 0.0909081 0.102497
2 0.551187 0.562773
1 0.11301 0.124496
1 0.148846 0.160183
1 0.124873 0.136068
1 0.114177 0.125254
1 0.151413 0.162442
1 0.124631 0.135521
1 0.257821 0.268568
1 0.295367 0.305972
1 0.194501 0.204775
1 0.0916308 0.101743
1 0.177567 0.18764
1 0.120555 0.130546
1 0.0933458 0.103161
1 0.134572 0.144381
1 0.200877 0.2106
1 0.1501 0.159714
1 0.152447 0.161988
1 0.0838951 0.0933385
1 0.108556 0.117879
1 0.206448 0.21576
1 0.147114 0.156336
1 0.116201 0.125323
1 0.174145 0.183266
1 0.0882745 0.0972882
2 0.169281 0.178052
2 0.162196 0.170912
1 0.149423 0.15811
1 0.0968836 0.10551
1 0.137857 0.146426
1 0.0903609 0.0988917
1 0.153695 0.162196
1 0.128469 0.136958
2 0.123624 0.131849
1 0.135532 0.143757
1 0.264963 0.273154
1 0.0995401 0.107557
1 0.0949893 0.102987
1 0.146842 0.154692
1 0.114785 0.122624
1 0.2433 0.251098
2 0.102497 0.110144
1 0.174806 0.182371
1 0.125683 0.133224
1 0.0928985 0.100295
1 0.0825105 0.0897344
1 0.172188 0.179374
1 0.110226 0.117368
2 0.301226 0.308274
1 0.713301 0.720147
2 0.163636 0.170429
1 0.0809476 0.0877207
1 0.18762 0.194324
2 0.130114 0.136789
1 0.13431 0.140973
1 0.0917699 0.0984064
2 0.161755 0.168204
1 0.102937 0.109328
1 0.104562 0.110913
1 0.106233 0.112538
2 0.109439 0.11562
1 0.0968454 0.103026
1 0.0969552 0.103026
1 0.100212 0.10627
2 0.144004 0.150057
1 0.114701 0.120667
1 0.147065 0.152922
2 0.157117 0.162966
2 0.137459 0.143197
1 0.117862 0.123517
1 0.130955 0.136593
1 0.325173 0.330744
1 0.114423 0.119964
1 0.152531 0.158069
1 0.721125 0.726637
1 0.0955977 0.101075
1 0.0996143 0.105034
1 0.104301 0.109645
1 0.101139 0.106482
2 0.17015 0.175491
1 0.111648 0.116906
2 0.158218 0.163403
1 0.129662 0.134709
1 0.119419 0.12446
1 0.105184 0.110108
1 0.115934 0.120851
1 0.0908577 0.0957161
1 0.0822902 0.0870627
2 0.109509 0.114227
1 0.147382 0.152038
1 0.113335 0.117962
1 0.135519 0.140131
1 0.121459 0.125708
1 0.0805326 0.0847614
1 0.113869 0.117893
2 0.0941659 0.0980793
1 0.189857 0.193644
2 0.106653 0.110437
1 0.117906 0.121522
1 0.139672 0.143274
2 0.111972 0.115461
1 0.131145 0.134617
1 0.241665 0.245103
2 0.130413 0.133833
1 0.102378 0.105688
1 0.104709 0.107949
1 0.0993934 0.102583
1 0.0963936 0.0994791
1 0.242898 0.245921
1 0.134289 0.13727
1 0.165718 0.168691
2 0.11287 0.115823
1 0.088359 0.0911791
2 0.135848 0.138667
1 0.141833 0.144647
2 0.105411 0.108214
1 0.445988 0.448775
1 0.0905225 0.0932587
2 0.116625 0.119299
1 0.0847952 0.0874571
1 0.108304 0.110902
1 0.0979871 0.100585
1 0.138823 0.141396
1 0.113883 0.116437
1 0.0834384 0.0859592
1 0.0952834 0.0977576
1 0.180079 0.182491
1 0.0949884 0.0973714
2 0.125595 0.127911
2 0.149427 0.151682
1 0.0917311 0.0939577
1 0.119989 0.122182
1 0.0926766 0.0948519
2 0.256612 0.25872
1 0.0913031 0.0932294
1 0.17685 0.178715
2 0.128424 0.130236
2 0.142461 0.144256
2 0.144381 0.146113
1 0.24158 0.243289
2 0.122195 0.123895
2 0.182875 0.184571
1 0.145581 0.147266
1 0.105979 0.107659
1 0.155429 0.157065
1 0.212967 0.21456
1 0.171553 0.173101
1 0.194359 0.195796
1 0.0998945 0.101321
2 0.11286 0.11428
1 0.181709 0.183062
1 0.153615 0.154953
2 0.145608 0.14687
2 0.16914 0.170394
2 0.117411 0.118539
1 0.109153 0.110244
2 0.118038 0.119116
1 0.0987146 0.0997914
2 0.113122 0.114135
2 0.126851 0.127807
1 0.104854 0.105805
1 0.129145 0.13009
2 0.101847 0.102682
2 0.16249 0.163268
1 0.164821 0.165532
2 0.123517 0.124175
2 0.124032 0.124658
2 0.109699 0.110308
2 0.139016 0.139616
1 0.103501 0.103955
1 0.129759 0.130114
2 0.102886 0.103226
2 0.194944 0.195283
1 0.130148 0.130439
1 0.329467 0.329723
1 0.134146 0.134356
1 0.126754 0.12694
2 0.103061 0.103226
2 0.124773 0.124919
2 0.133188 0.133263
1 0.133326 0.133349
