0 0 inf
0 0 inf
0 0 inf
0 0 inf
0 0 inf
0 0 inf
0 0 0.799925
0 0 0.654893
0 0 0.586265
0 0 0.571461
0 0 0.563856
0 0 0.504815
0 0 0.492501
0 0 0.47453
0 0 0.463798
0 0 0.429316
0 0 0.414621
0 0 0.412703
0 0 0.406288
0 0 0.393885
0 0 0.389236
0 0 0.389036
0 0 0.384884
0 0 0.360364
0 0 0.348343
0 0 0.332114
0 0 0.330872
0 0 0.329231
0 0 0.3237
0 0 0.323586
0 0 0.315513
0 0 0.314595
0 0 0.303605
0 0 0.30244
0 0 0.298529
0 0 0.297702
0 0 0.291221
0 0 0.284935
0 0 0.284782
0 0 0.280175
0 0 0.275972
0 0 0.274332
0 0 0.273135
0 0 0.272794
0 0 0.271814
0 0 0.270361
0 0 0.267473
0 0 0.256014
0 0 0.255934
0 0 0.25287
0 0 0.252245
0 0 0.251982
0 0 0.251865
0 0 0.250017
0 0 0.249993
0 0 0.247679
0 0 0.247558
0 0 0.247443
0 0 0.246808
0 0 0.246767
0 0 0.246172
0 0 0.245954
0 0 0.242682
0 0 0.241512
0 0 0.241423
0 0 0.239095
0 0 0.226624
0 0 0.216783
0 0 0.21406
0 0 0.213662
0 0 0.213185
0 0 0.212276
0 0 0.206816
0 0 0.205346
0 0 0.200817
0 0 0.196251
0 0 0.194486
0 0 0.193861
0 0 0.193443
0 0 0.192098
0 0 0.18992
0 0 0.189283
0 0 0.187687
0 0 0.186598
0 0 0.186122
0 0 0.184144
0 0 0.18134
0 0 0.181327
0 0 0.180901
0 0 0.180756
0 0 0.178775
0 0 0.176029
0 0 0.175803
0 0 0.175648
0 0 0.175483
0 0 0.175319
0 0 0.173145
0 0 0.172674
0 0 0.172172
0 0 0.168661
0 0 0.168568
0 0 0.167755
0 0 0.165356
0 0 0.165167
0 0 0.164443
0 0 0.163939
0 0 0.163525
0 0 0.163127
0 0 0.162756
0 0 0.162617
0 0 0.16165
0 0 0.15828
0 0 0.157767
0 0 0.157694
0 0 0.156877
0 0 0.156831
0 0 0.15601
0 0 0.154505
0 0 0.154307
0 0 0.152778
0 0 0.152429
0 0 0.152111
0 0 0.151778
0 0 0.151695
0 0 0.151485
0 0 0.15071
0 0 0.150613
0 0 0.149848
0 0 0.149466
0 0 0.149327
0 0 0.149211
0 0 0.148076
0 0 0.14707
0 0 0.146862
0 0 0.145473
0 0 0.144803
0 0 0.144658
0 0 0.144564
0 0 0.143973
0 0 0.14297
0 0 0.142882
0 0 0.142133
0 0 0.141166
0 0 0.137994
0 0 0.137861
0 0 0.136926
0 0 0.136765
0 0 0.136632
0 0 0.136485
0 0 0.135735
0 0 0.135265
0 0 0.134923
0 0 0.134666
0 0 0.134251
0 0 0.133844
0 0 0.133667
0 0 0.133611
0 0 0.133009
0 0 0.132367
0 0 0.132347
0 0 0.131685
0 0 0.131645
0 0 0.131602
0 0 0.130759
0 0 0.130574
0 0 0.130459
0 0 0.130011
0 0 0.129426
0 0 0.129363
0 0 0.128916
0 0 0.12632
0 0 0.12618
0 0 0.12589
0 0 0.125765
0 0 0.125146
0 0 0.124869
0 0 0.124762
0 0 0.12465
0 0 0.124323
0 0 0.122459
0 0 0.122348
0 0 0.122312
0 0 0.121955
0 0 0.121943
0 0 0.121753
0 0 0.121266
0 0 0.120902
0 0 0.120789
0 0 0.120362
0 0 0.120226
0 0 0.120206
0 0 0.119649
0 0 0.119278
0 0 0.118672
0 0 0.118621
0 0 0.118606
0 0 0.118529
0 0 0.118101
0 0 0.117093
0 0 0.116565
0 0 0.11545
0 0 0.114847
0 0 0.113661
0 0 0.112651
0 0 0.112156
0 0 0.112103
0 0 0.111796
0 0 0.109561
0 0 0.109427
0 0 0.109289
0 0 0.109264
0 0 0.108801
0 0 0.108775
0 0 0.108551
0 0 0.108423
0 0 0.107965
0 0 0.106333
0 0 0.105236
0 0 0.105099
1 0.42987 0.53475
0 0 0.104857
0 0 0.104498
0 0 0.104219
0 0 0.10412
0 0 0.103536
0 0 0.102814
0 0 0.102692
0 0 0.102494
0 0 0.100041
0 0 0.0998781
0 0 0.0996405
0 0 0.0985282
0 0 0.0980638
0 0 0.0980598
0 0 0.097435
0 0 0.0972388
0 0 0.0964268
0 0 0.0941881
0 0 0.0937019
0 0 0.0935646
0 0 0.0935579
0 0 0.0931917
0 0 0.0931171
0 0 0.0929329
0 0 0.0926915
0 0 0.0921603
0 0 0.0911255
0 0 0.0910407
0 0 0.0906514
0 0 0.0905515
0 0 0.0899044
0 0 0.0897836
0 0 0.0893761
0 0 0.0890692
1 0.517038 0.605879
0 0 0.0887593
0 0 0.0886512
0 0 0.088018
0 0 0.0878084
0 0 0.0872918
0 0 0.0869966
0 0 0.0867537
0 0 0.0864776
0 0 0.086279
0 0 0.0857939
0 0 0.0856935
0 0 0.0842681
0 0 0.0841397
0 0 0.0839271
0 0 0.083778
0 0 0.083443
0 0 0.083366
0 0 0.0831476
0 0 0.0828586
0 0 0.0825995
0 0 0.082487
0 0 0.0821996
0 0 0.0819532
0 0 0.0819356
0 0 0.0819144
0 0 0.0812962
0 0 0.0811778
0 0 0.0811527
0 0 0.0807743
0 0 0.0804859
0 0 0.0804002
0 0 0.0797575
0 0 0.0796107
0 0 0.0795568
0 0 0.0794063
0 0 0.079121
0 0 0.0778838
0 0 0.0777924
0 0 0.0775783
0 0 0.0774901
0 0 0.077462
0 0 0.0767005
0 0 0.0766593
0 0 0.0765725
0 0 0.0765332
0 0 0.0762554
0 0 0.0753991
0 0 0.0753449
0 0 0.0748196
0 0 0.0744581
0 0 0.074318
0 0 0.074275
0 0 0.0742261
0 0 0.07409
0 0 0.0740871
0 0 0.073871
0 0 0.0737673
0 0 0.0737107
0 0 0.0735241
0 0 0.0734697
0 0 0.0733528
0 0 0.0733217
0 0 0.0728966
0 0 0.0722427
0 0 0.0719828
0 0 0.0717574
0 0 0.0714787
0 0 0.0709253
0 0 0.0708413
0 0 0.0700103
0 0 0.0697784
0 0 0.0694351
0 0 0.0691879
0 0 0.0691628
0 0 0.0690219
0 0 0.0688171
0 0 0.0686668
0 0 0.0686425
0 0 0.0685251
0 0 0.0683398
0 0 0.0682913
0 0 0.0679832
0 0 0.067855
0 0 0.0672527
0 0 0.0669829
0 0 0.0669507
0 0 0.0666666
0 0 0.0654468
0 0 0.0653109
0 0 0.0651555
0 0 0.0649175
0 0 0.0649157
0 0 0.0646281
0 0 0.0645766
0 0 0.0643738
0 0 0.0642147
0 0 0.0642107
0 0 0.0641283
0 0 0.0639809
0 0 0.0637924
0 0 0.0636557
0 0 0.063377
0 0 0.0631966
0 0 0.0630561
0 0 0.0625393
0 0 0.0622264
0 0 0.062011
0 0 0.0616446
0 0 0.061316
0 0 0.0608466
0 0 0.0604062
0 0 0.0602738
0 0 0.0596246
0 0 0.0594735
0 0 0.0593665
0 0 0.0587352
0 0 0.0586339
0 0 0.0577291
0 0 0.0576951
0 0 0.0574517
0 0 0.0573834
0 0 0.0569362
0 0 0.0569199
0 0 0.0568721
0 0 0.0568243
0 0 0.0567441
0 0 0.0567063
0 0 0.0562276
0 0 0.0555345
0 0 0.0550692
0 0 0.0550025
0 0 0.0546375
0 0 0.0543618
0 0 0.0538814
0 0 0.0536133
0 0 0.0528006
0 0 0.0526513
0 0 0.0518378
0 0 0.0512535
1 0.276368 0.327109
0 0 0.0504456
0 0 0.0495792
0 0 0.0488244
0 0 0.0485461
0 0 0.0483298
0 0 0.047518
0 0 0.0444939
1 0.211681 0.254868
1 0.346648 0.388563
0 0 0.0399288
1 0.17863 0.218513
1 0.214749 0.252541
1 0.193709 0.228964
1 0.181956 0.214406
1 0.158024 0.190063
1 0.349813 0.380479
1 0.172283 0.201542
1 0.564917 0.592825
1 0.192455 0.218969
1 0.202463 0.228614
1 0.171675 0.197058
1 0.281049 0.306022
1 0.171654 0.196144
1 0.130101 0.15396
1 0.246364 0.270141
1 0.168313 0.189307
1 0.0853783 0.106364
1 0.344804 0.365759
1 0.140106 0.16065
1 0.0974987 0.117996
1 0.153877 0.174125
1 0.114052 0.133181
1 0.489153 0.507741
1 0.132753 0.150713
1 0.117646 0.135589
1 0.169704 0.187484
1 0.131731 0.149146
1 0.111623 0.128476
1 0.308383 0.324964
2 0.175515 0.191677
1 0.160529 0.176591
1 0.0948192 0.110126
1 0.168821 0.184059
1 0.0878142 0.103001
1 0.0846709 0.0995445
1 0.140714 0.154714
1 0.163016 0.176845
1 0.0765681 0.0899609
1 0.28214 0.295357
1 0.102241 0.115315
1 0.0874355 0.100408
1 0.0801233 0.0929362
1 0.0878851 0.100408
1 0.0814399 0.0936906
1 0.244375 0.256613
1 0.143767 0.155996
1 0.231421 0.243379
1 0.0893046 0.10116
2 0.231793 0.243309
1 0.0782412 0.0896409
1 0.0957182 0.10702
1 0.0978944 0.108684
1 0.146551 0.156713
1 0.194415 0.204502
1 0.146301 0.156342
1 0.138286 0.148289
1 0.132939 0.142852
1 0.410045 0.419562
1 0.105939 0.115215
1 0.0952371 0.104418
1 0.133794 0.14263
1 0.195702 0.204502
1 0.135406 0.144148
1 0.0730938 0.0818264
1 0.077965 0.0865824
1 0.0912452 0.0997822
1 0.0957134 0.103938
1 0.0842433 0.0920921
1 0.081363 0.0891854
1 0.0628588 0.0705698
1 0.216837 0.224303
1 0.0860424 0.0934895
1 0.111566 0.118952
1 0.0683074 0.0755745
2 0.229383 0.236556
1 0.0831894 0.0901354
1 0.0741459 0.0809462
1 0.102495 0.108919
1 0.157134 0.16353
1 0.102121 0.108321
1 0.395615 0.401727
1 0.0866091 0.0926881
1 0.0760836 0.0821258
1 0.108674 0.114672
1 0.110815 0.116799
1 0.316461 0.32242
1 0.0856629 0.0915879
1 0.169092 0.174999
1 0.0708612 0.0767032
2 0.0916993 0.0975226
1 0.0790232 0.0846092
1 0.337593 0.343171
1 0.0893216 0.0948955
1 0.0777972 0.0833651
1 0.237207 0.242691
1 0.187638 0.193031
1 0.0657495 0.0711037
1 0.0850731 0.0903186
2 0.311341 0.316565
1 0.0837677 0.088963
1 0.0914389 0.096519
1 0.105909 0.110882
2 0.101341 0.10629
1 0.172264 0.177069
2 0.12044 0.125152
1 0.161021 0.165631
1 0.300049 0.304632
2 0.0926124 0.0971836
2 0.100385 0.104951
2 0.0940177 0.0983853
1 0.0787434 0.0830962
1 0.0900722 0.0943628
2 0.0892312 0.0934974
1 0.0826075 0.0868468
1 0.0759366 0.080156
1 0.103218 0.107406
1 0.065864 0.0700003
1 0.0707996 0.0748931
1 0.181481 0.18557
1 0.135884 0.139945
1 0.06965 0.0736941
1 0.104846 0.108837
1 0.142326 0.146301
1 0.0927679 0.0966589
1 0.0895104 0.0933408
1 0.0854493 0.0892506
1 0.088212 0.0919772
1 0.121532 0.125197
2 0.0714664 0.0751047
2 0.102924 0.106542
2 0.090944 0.0944675
1 0.0816059 0.08511
1 0.0848965 0.0883962
2 0.175495 0.178988
2 0.103069 0.106542
1 0.270306 0.273751
1 0.0741264 0.0775573
1 0.0888625 0.0922881
1 0.122258 0.125654
2 0.121782 0.125132
1 0.0936114 0.096929
1 0.123976 0.127288
1 0.124992 0.128286
1 0.0871246 0.0901354
1 0.0666399 0.0696077
1 0.0800677 0.0829834
1 0.169969 0.172799
1 0.0652554 0.0680817
1 0.299845 0.302669
1 0.10236 0.105159
1 0.0821335 0.0848775
1 0.0679626 0.0706262
1 0.0849299 0.0875338
1 0.182933 0.185517
1 0.0843432 0.0868476
2 0.0940177 0.096431
2 0.0825615 0.0848984
1 0.0929497 0.0952827
1 0.0878753 0.0901741
1 0.153516 0.155802
1 0.149669 0.151939
2 0.0987285 0.100971
1 0.0879016 0.0901354
1 0.170601 0.172799
2 0.0912722 0.0934665
1 0.0798494 0.0819818
1 0.109423 0.111468
2 0.0841342 0.0861776
1 0.0778089 0.0797675
1 0.080192 0.0821382
1 0.194144 0.196076
2 0.177061 0.178988
1 0.0809816 0.0828586
1 0.0644489 0.0662875
1 0.124411 0.126213
1 0.280324 0.282008
2 0.089988 0.0916649
1 0.118045 0.119721
1 0.0899788 0.0916044
2 0.122169 0.123774
1 0.112307 0.113825
1 0.0935933 0.0950698
1 0.0874655 0.0889215
1 0.293362 0.294803
1 0.132888 0.134313
2 0.0945904 0.0960114
1 0.113737 0.115136
1 0.161097 0.16248
1 0.0982072 0.099565
2 0.081581 0.0829197
2 0.118971 0.12028
2 0.137628 0.138931
1 0.117153 0.118447
1 0.137076 0.138333
2 0.0916044 0.0928471
1 0.0710851 0.0722882
1 0.0697725 0.0709751
2 0.105362 0.106542
2 0.105234 0.106387
1 0.109603 0.11073
1 0.0798584 0.0809751
2 0.0892623 0.0903525
1 0.0950662 0.0961538
2 0.136326 0.137406
1 0.0923658 0.0934214
1 0.207142 0.208193
1 0.08182 0.0828586
1 0.0915769 0.0925908
1 0.176475 0.177489
1 0.0806238 0.0815881
1 0.222637 0.223555
2 0.145497 0.146355
1 0.0649474 0.0657799
1 0.0817014 0.0824915
1 0.174494 0.175177
2 0.16275 0.16343
1 0.145485 0.146154
2 0.0899712 0.0906259
1 0.0809248 0.0815218
2 0.165936 0.166498
2 0.0990439 0.099565
1 0.0865001 0.0870006
1 0.0831563 0.083639
1 0.0709588 0.0714242
2 0.12475 0.125152
1 0.0836111 0.0839818
1 0.0794228 0.0797675
2 0.148355 0.148613
2 0.0977681 0.0980138
1 0.0918752 0.0920935
1 0.08775 0.0879513
1 0.17642 0.176617
1 0.080868 0.0810099
1 0.0780997 0.0782223
2 0.139253 0.139339
2 0.156396 0.156474
1 0.0845002 0.084568
2 0.0906957 0.0907583
1 0.0696048 0.0696453
1 0.0974849 0.0974868
