1 0.794143 inf
0 0 inf
0 0 inf
0 0 inf
0 0 inf
0 0 inf
0 0 inf
0 0 inf
0 0 0.760655
0 0 0.73312
0 0 0.725138
0 0 0.704665
0 0 0.617666
0 0 0.609869
0 0 0.571364
0 0 0.564498
0 0 0.56009
0 0 0.554936
0 0 0.542889
0 0 0.532262
0 0 0.526009
0 0 0.517677
0 0 0.517021
0 0 0.51509
0 0 0.498823
0 0 0.481915
0 0 0.480618
0 0 0.459836
0 0 0.459795
0 0 0.455714
0 0 0.441412
0 0 0.433744
0 0 0.41883
0 0 0.411983
0 0 0.407639
0 0 0.401463
0 0 0.39404
0 0 0.38673
0 0 0.38426
0 0 0.376426
0 0 0.359453
0 0 0.356318
0 0 0.347478
0 0 0.34214
0 0 0.341314
0 0 0.336337
0 0 0.331375
0 0 0.32921
0 0 0.328775
0 0 0.328757
0 0 0.32548
0 0 0.32256
0 0 0.322108
0 0 0.317933
0 0 0.30987
0 0 0.307009
0 0 0.306791
0 0 0.306734
0 0 0.301322
0 0 0.295908
0 0 0.295866
0 0 0.288348
0 0 0.28199
0 0 0.280698
0 0 0.279426
0 0 0.274137
0 0 0.27409
0 0 0.26677
0 0 0.2652
0 0 0.26458
0 0 0.250961
0 0 0.250466
0 0 0.248761
0 0 0.244716
0 0 0.243328
0 0 0.243027
0 0 0.239521
0 0 0.232759
0 0 0.229957
0 0 0.229937
0 0 0.228298
0 0 0.225977
0 0 0.224743
0 0 0.223786
0 0 0.222632
0 0 0.222158
0 0 0.218963
0 0 0.218454
0 0 0.218362
0 0 0.216636
0 0 0.215964
0 0 0.213089
0 0 0.211736
0 0 0.211209
0 0 0.210741
0 0 0.210121
0 0 0.209439
0 0 0.209356
0 0 0.206686
0 0 0.206297
0 0 0.205371
0 0 0.205139
0 0 0.204513
0 0 0.200805
0 0 0.198394
0 0 0.197529
0 0 0.196488
0 0 0.195302
0 0 0.195301
0 0 0.19525
0 0 0.195172
0 0 0.192908
0 0 0.192504
0 0 0.191756
0 0 0.190526
0 0 0.189435
0 0 0.187867
0 0 0.187356
0 0 0.187174
0 0 0.186476
0 0 0.184042
0 0 0.183409
0 0 0.182379
0 0 0.181939
0 0 0.181823
0 0 0.18074
0 0 0.179875
0 0 0.179256
0 0 0.179133
0 0 0.178473
0 0 0.178303
0 0 0.177746
0 0 0.17742
0 0 0.175663
0 0 0.175308
0 0 0.173028
0 0 0.171593
0 0 0.170922
0 0 0.169908
0 0 0.16919
0 0 0.168682
0 0 0.16805
0 0 0.167477
0 0 0.16696
0 0 0.166692
0 0 0.165295
0 0 0.164646
0 0 0.164479
0 0 0.16391
0 0 0.163015
0 0 0.160632
0 0 0.159481
0 0 0.159298
0 0 0.158495
0 0 0.157336
0 0 0.156963
0 0 0.156882
0 0 0.154911
0 0 0.154774
0 0 0.154642
0 0 0.154194
0 0 0.153711
0 0 0.153448
0 0 0.152803
0 0 0.15279
0 0 0.152705
0 0 0.152654
0 0 0.152446
0 0 0.152273
0 0 0.151797
0 0 0.151754
0 0 0.151661
0 0 0.151292
0 0 0.149316
0 0 0.148743
0 0 0.14718
0 0 0.14706
0 0 0.146118
0 0 0.145403
0 0 0.143818
0 0 0.143132
0 0 0.14301
0 0 0.141619
0 0 0.14119
0 0 0.14089
0 0 0.140856
0 0 0.140714
0 0 0.140152
0 0 0.139857
0 0 0.139245
0 0 0.138723
0 0 0.138073
0 0 0.137978
0 0 0.137579
0 0 0.137037
0 0 0.13687
0 0 0.136047
0 0 0.135684
0 0 0.135327
0 0 0.13439
0 0 0.133481
0 0 0.131202
0 0 0.131186
0 0 0.13098
0 0 0.130869
0 0 0.130684
0 0 0.130098
0 0 0.129644
0 0 0.129474
0 0 0.127466
0 0 0.127388
0 0 0.127215
0 0 0.127159
0 0 0.12569
0 0 0.12563
0 0 0.125208
0 0 0.124394
0 0 0.124257
0 0 0.123931
0 0 0.123894
0 0 0.12356
0 0 0.123401
0 0 0.121703
0 0 0.121414
0 0 0.120611
0 0 0.120589
0 0 0.120514
0 0 0.120304
0 0 0.1203
0 0 0.120184
0 0 0.1199
0 0 0.118743
0 0 0.11872
0 0 0.118115
1 0.50851 0.626276
0 0 0.117296
0 0 0.117046
0 0 0.11688
0 0 0.116774
0 0 0.116313
0 0 0.116167
0 0 0.116023
0 0 0.115965
0 0 0.11554
0 0 0.114848
0 0 0.113
0 0 0.112636
0 0 0.112433
0 0 0.112222
0 0 0.112072
0 0 0.112035
0 0 0.110694
0 0 0.109942
0 0 0.109212
0 0 0.109177
0 0 0.108663
0 0 0.108011
0 0 0.106675
0 0 0.106024
0 0 0.104872
0 0 0.104823
0 0 0.10446
0 0 0.103908
0 0 0.103365
0 0 0.103166
0 0 0.103003
0 0 0.10185
0 0 0.100705
0 0 0.100536
0 0 0.100056
0 0 0.099992
0 0 0.0986032
0 0 0.0985546
0 0 0.0984974
0 0 0.0984748
0 0 0.0982621
0 0 0.0977138
0 0 0.0975143
0 0 0.0969373
0 0 0.0968404
0 0 0.0964955
0 0 0.0963604
0 0 0.0960709
0 0 0.0960397
0 0 0.0958728
0 0 0.0949735
0 0 0.0948168
0 0 0.0947979
0 0 0.0947406
0 0 0.0947144
0 0 0.0946136
0 0 0.0945983
0 0 0.0943865
0 0 0.0942035
0 0 0.0934867
0 0 0.0930765
0 0 0.092666
0 0 0.0923991
0 0 0.0917862
0 0 0.0913556
0 0 0.0913193
0 0 0.0913027
0 0 0.0911506
0 0 0.0909094
0 0 0.0906138
0 0 0.0903906
0 0 0.0901559
0 0 0.0901297
0 0 0.090008
0 0 0.0896657
0 0 0.0892473
0 0 0.0886621
0 0 0.088539
0 0 0.0879954
0 0 0.0878535
0 0 0.0877921
0 0 0.0877813
0 0 0.0873255
0 0 0.0871201
0 0 0.0870429
0 0 0.0868259
0 0 0.0867919
0 0 0.0866311
0 0 0.0864461
0 0 0.0863891
0 0 0.0859669
0 0 0.0858942
0 0 0.0850522
0 0 0.0849258
0 0 0.0847874
0 0 0.0844712
0 0 0.0844528
0 0 0.0841346
0 0 0.084131
0 0 0.0840495
0 0 0.084012
0 0 0.0837517
0 0 0.083664
0 0 0.0836101
0 0 0.0836011
0 0 0.0833208
0 0 0.0833182
0 0 0.0832864
0 0 0.0832792
0 0 0.0826503
0 0 0.0822607
0 0 0.0821819
0 0 0.0813287
0 0 0.081311
0 0 0.0812897
0 0 0.0808965
0 0 0.0806994
0 0 0.0806117
1 0.573289 0.653871
0 0 0.0804864
0 0 0.0800194
0 0 0.0799466
0 0 0.0798022
0 0 0.0795413
0 0 0.0790991
0 0 0.0790738
0 0 0.0790706
0 0 0.07808
0 0 0.0778741
0 0 0.0773387
0 0 0.0770846
0 0 0.0770018
0 0 0.0766852
0 0 0.0765943
0 0 0.0762537
0 0 0.0761663
0 0 0.0760422
0 0 0.0757535
0 0 0.0755709
0 0 0.0754939
0 0 0.0750546
0 0 0.0747537
0 0 0.0747506
0 0 0.074329
0 0 0.0738345
0 0 0.0726567
0 0 0.0721148
0 0 0.0714146
0 0 0.0713095
0 0 0.0701346
0 0 0.0700976
0 0 0.0696163
0 0 0.069568
0 0 0.069433
0 0 0.0687882
0 0 0.0679341
0 0 0.0666352
0 0 0.0659964
0 0 0.0657839
0 0 0.0645346
0 0 0.0637439
0 0 0.0614536
0 0 0.0604943
0 0 0.0591747
0 0 0.0580816
1 0.307948 0.362791
0 0 0.0532616
0 0 0.0486854
1 0.334039 0.382345
0 0 0.0476955
1 0.418133 0.461201
1 0.228624 0.269573
1 0.24312 0.284061
1 0.253255 0.290253
1 0.168953 0.204419
1 0.220195 0.254526
1 0.251018 0.284682
1 0.161726 0.195005
1 0.257136 0.289428
1 0.209924 0.242062
1 0.513471 0.545147
1 0.147441 0.176953
1 0.227233 0.256064
1 0.128412 0.156416
1 0.174756 0.20214
1 0.212138 0.239056
1 0.385028 0.411624
1 0.237762 0.261159
1 0.528078 0.551243
1 0.157961 0.181027
1 0.481501 0.504261
1 0.165915 0.188494
1 0.125693 0.148212
1 0.379258 0.401718
1 0.339607 0.3606
1 0.232315 0.252802
1 0.174944 0.195395
1 0.142591 0.161612
1 0.157634 0.176487
1 0.163468 0.181245
1 0.179099 0.194814
1 0.130333 0.145804
1 0.160713 0.17612
1 0.30278 0.318121
1 0.0976619 0.112791
1 0.199863 0.214844
1 0.174159 0.188995
1 0.0897289 0.104542
2 0.276991 0.291724
1 0.0844927 0.0989274
1 0.117249 0.131662
1 0.130654 0.144973
1 0.118092 0.132284
2 0.257063 0.27121
1 0.0886423 0.102753
1 0.209681 0.223563
1 0.0947654 0.108293
1 0.222223 0.235211
1 0.129096 0.142082
1 0.089863 0.102703
1 0.0927969 0.105525
1 0.413588 0.42628
1 0.101273 0.113669
1 0.265902 0.278216
1 0.156162 0.168443
1 0.614481 0.626717
1 0.0877802 0.0999468
1 0.20065 0.212805
1 0.176144 0.18828
1 0.0934458 0.105274
1 0.157359 0.168862
1 0.121959 0.133451
1 0.0846398 0.0959634
2 0.172124 0.183278
1 0.142778 0.153852
1 0.162518 0.173237
1 0.0869108 0.0974352
2 0.209517 0.219997
1 0.0969026 0.107264
1 0.153569 0.163896
1 0.0857862 0.096068
1 0.193956 0.204192
1 0.227459 0.237675
1 0.231883 0.242054
1 0.134101 0.144157
2 0.119027 0.128963
1 0.1017 0.111619
1 0.0898091 0.09972
1 0.202018 0.211873
1 0.280989 0.290806
1 0.0959041 0.105408
1 0.10009 0.109572
1 0.0954475 0.104864
1 0.101209 0.11039
1 0.10712 0.116296
1 0.13333 0.142393
1 0.127138 0.135968
1 0.237879 0.246684
1 0.103827 0.112595
1 0.111102 0.119827
1 0.331342 0.339903
1 0.136872 0.145082
2 0.10686 0.114852
1 0.120803 0.128695
1 0.140319 0.148114
1 0.114296 0.12209
1 0.0885475 0.0962729
1 0.0901668 0.0976723
1 0.199068 0.206424
2 0.186307 0.193622
1 0.159426 0.166358
1 0.160816 0.167738
1 0.142701 0.149463
1 0.0979084 0.104666
2 0.111703 0.118343
1 0.0892031 0.095826
2 0.120967 0.12748
2 0.103357 0.109785
1 0.148939 0.155326
2 0.114888 0.121252
1 0.362287 0.368397
1 0.087894 0.093996
1 0.107303 0.113375
1 0.176743 0.182813
1 0.0985006 0.104521
1 0.165104 0.171122
1 0.178596 0.184464
1 0.0989383 0.104796
2 0.151878 0.157707
1 0.096877 0.102703
1 0.247668 0.25334
1 0.231302 0.236957
1 0.10964 0.1151
1 0.501929 0.507383
1 0.0782439 0.0836566
1 0.206903 0.212218
2 0.182804 0.188114
2 0.204684 0.209989
1 0.098069 0.103266
2 0.172124 0.177281
1 0.112382 0.117495
1 0.246373 0.251215
1 0.0951553 0.0999653
1 0.345947 0.350756
1 0.110867 0.11567
1 0.232241 0.237012
1 0.0775442 0.0823055
1 0.127662 0.13241
1 0.0943376 0.0990231
1 0.0843947 0.0890632
1 0.102952 0.107603
1 0.0920864 0.0967339
1 0.141816 0.146402
1 0.137523 0.141954
2 0.110453 0.114852
1 0.0949286 0.0992497
1 0.164404 0.168611
1 0.15945 0.163588
2 0.215471 0.219607
1 0.122107 0.126204
2 0.115318 0.119403
1 0.111622 0.11567
1 0.159741 0.163748
1 0.149456 0.153431
2 0.119693 0.123525
2 0.111387 0.115216
2 0.267642 0.27134
1 0.173261 0.17693
2 0.359402 0.362995
2 0.117018 0.120607
1 0.0982887 0.101845
2 0.13045 0.133918
1 0.193794 0.19725
2 0.125506 0.128948
1 0.105969 0.109352
2 0.225965 0.229284
2 0.366186 0.369479
1 0.10133 0.104622
1 0.0917236 0.0949947
1 0.106574 0.109843
2 0.103538 0.106785
1 0.109564 0.11272
1 0.0968291 0.0999653
1 0.0995453 0.102628
2 0.230434 0.233474
2 0.106796 0.109734
1 0.311138 0.314038
1 0.0846186 0.0874803
2 0.171669 0.174522
2 0.107237 0.110087
1 0.088413 0.0912577
1 0.0973383 0.100143
1 0.0909817 0.0937619
2 0.123651 0.126351
1 0.291933 0.294611
1 0.11441 0.117048
1 0.0848968 0.0875154
2 0.182584 0.185107
1 0.171676 0.174035
1 0.110851 0.113186
1 0.0986458 0.100922
2 0.106817 0.109073
2 0.1105 0.112715
2 0.258448 0.260638
1 0.0926637 0.094848
1 0.144293 0.146429
1 0.156217 0.158308
2 0.126887 0.128963
2 0.165835 0.167875
2 0.325721 0.327664
2 0.115542 0.11748
2 0.115542 0.11748
1 0.111128 0.113065
2 0.110779 0.112698
1 0.0922487 0.0941288
1 0.180182 0.182061
2 0.348708 0.350557
1 0.0953363 0.0971293
2 0.102796 0.104587
2 0.146429 0.148212
1 0.10275 0.104521
1 0.11684 0.118586
1 0.0979068 0.0995551
1 0.1919 0.193468
1 0.0995026 0.100974
2 0.196927 0.198349
1 0.201456 0.202855
1 0.214244 0.215621
1 0.111699 0.113065
2 0.108755 0.110119
2 0.183501 0.184723
1 0.0919014 0.0930596
2 0.126486 0.127641
1 0.164092 0.16518
2 0.111619 0.112678
2 0.127476 0.128481
2 0.113763 0.114754
1 0.103661 0.104588
1 0.0791044 0.0800297
1 0.193386 0.194246
1 0.248782 0.249589
2 0.133012 0.1338
1 0.112573 0.11336
1 0.21002 0.210731
1 0.100002 0.100649
2 0.0994225 0.100044
1 0.135874 0.13644
2 0.104862 0.105408
1 0.125204 0.125711
2 0.110366 0.110858
1 0.169504 0.169895
1 0.105455 0.105822
1 0.107611 0.107965
1 0.487214 0.487542
2 0.190205 0.190504
1 0.111934 0.112209
1 0.094064 0.0943175
2 0.10855 0.108778
1 0.0998111 0.100033
1 0.223831 0.224035
1 0.0974784 0.0976723
2 0.133451 0.13359
2 0.121672 0.12181
2 0.127369 0.12748
1 0.127435 0.127547
1 0.101561 0.101647
1 0.181526 0.181529
