0 0 inf
0 0 inf
0 0 inf
0 0 inf
0 0 0.644779
0 0 0.617854
0 0 0.566667
0 0 0.55827
0 0 0.49673
0 0 0.494531
0 0 0.458179
0 0 0.449382
0 0 0.380746
0 0 0.373531
0 0 0.368533
0 0 0.367706
0 0 0.360225
0 0 0.358158
0 0 0.357761
0 0 0.354343
0 0 0.340564
0 0 0.332822
0 0 0.313684
0 0 0.299651
0 0 0.294829
0 0 0.287525
0 0 0.287444
0 0 0.283908
0 0 0.277795
0 0 0.276883
0 0 0.276791
0 0 0.276682
0 0 0.274319
0 0 0.268005
0 0 0.262483
0 0 0.25203
0 0 0.249807
0 0 0.249257
0 0 0.249114
0 0 0.244086
0 0 0.243712
0 0 0.242341
0 0 0.234267
0 0 0.232435
0 0 0.231408
0 0 0.230964
0 0 0.230477
0 0 0.228555
0 0 0.227622
0 0 0.225397
0 0 0.223977
0 0 0.222876
0 0 0.22125
0 0 0.218715
0 0 0.215268
0 0 0.21426
0 0 0.212852
0 0 0.212611
0 0 0.210264
0 0 0.209786
0 0 0.207817
0 0 0.206265
0 0 0.205925
0 0 0.202552
0 0 0.200105
0 0 0.199761
0 0 0.197974
0 0 0.197056
0 0 0.192839
0 0 0.191863
0 0 0.190835
0 0 0.190149
0 0 0.190113
0 0 0.188166
0 0 0.187385
0 0 0.18598
0 0 0.181797
0 0 0.18104
0 0 0.179118
0 0 0.179035
0 0 0.177589
0 0 0.176396
0 0 0.176214
0 0 0.176089
0 0 0.175859
0 0 0.175753
0 0 0.175671
0 0 0.175102
0 0 0.174952
0 0 0.173299
0 0 0.17164
0 0 0.171349
0 0 0.171224
0 0 0.170414
0 0 0.170203
0 0 0.169108
0 0 0.168888
0 0 0.167831
0 0 0.167367
0 0 0.166086
0 0 0.165774
0 0 0.165272
0 0 0.164929
0 0 0.164831
0 0 0.164698
0 0 0.164646
0 0 0.163815
0 0 0.161501
0 0 0.16117
0 0 0.160584
0 0 0.15973
0 0 0.159152
0 0 0.156741
0 0 0.15173
0 0 0.151165
0 0 0.151016
0 0 0.150924
0 0 0.150888
0 0 0.150458
0 0 0.149338
0 0 0.147664
0 0 0.147127
0 0 0.144952
0 0 0.14371
0 0 0.143083
0 0 0.142548
0 0 0.142483
0 0 0.141696
0 0 0.141226
0 0 0.141165
0 0 0.140082
0 0 0.139056
0 0 0.136225
0 0 0.136014
0 0 0.135847
0 0 0.135636
0 0 0.132978
0 0 0.132571
0 0 0.132541
0 0 0.132199
0 0 0.130546
0 0 0.13016
0 0 0.130104
0 0 0.130014
0 0 0.129373
0 0 0.129199
0 0 0.128694
0 0 0.127177
0 0 0.125983
0 0 0.124098
0 0 0.12385
0 0 0.123681
0 0 0.122955
0 0 0.122481
0 0 0.122475
0 0 0.121802
0 0 0.121792
0 0 0.121704
0 0 0.121641
0 0 0.121409
0 0 0.121039
0 0 0.12086
0 0 0.120004
0 0 0.119666
0 0 0.119546
0 0 0.119395
0 0 0.119357
0 0 0.119235
0 0 0.119114
0 0 0.118615
0 0 0.118097
0 0 0.117214
0 0 0.116043
0 0 0.115973
0 0 0.115825
0 0 0.115672
0 0 0.115032
0 0 0.114981
0 0 0.114902
0 0 0.11471
0 0 0.114028
0 0 0.112894
0 0 0.112399
0 0 0.111887
0 0 0.111595
0 0 0.111486
0 0 0.110934
0 0 0.110932
0 0 0.11029
0 0 0.108689
0 0 0.108512
0 0 0.108398
0 0 0.107629
0 0 0.10762
0 0 0.107397
0 0 0.107364
0 0 0.107329
0 0 0.107239
0 0 0.106657
0 0 0.106615
0 0 0.10655
0 0 0.105978
0 0 0.105957
0 0 0.105547
0 0 0.105052
0 0 0.104831
0 0 0.104821
0 0 0.104817
0 0 0.104236
0 0 0.103921
0 0 0.103201
0 0 0.102497
0 0 0.102098
0 0 0.102024
0 0 0.101796
0 0 0.101294
0 0 0.100822
0 0 0.100631
0 0 0.100426
0 0 0.100122
0 0 0.100065
0 0 0.0998534
0 0 0.0998131
0 0 0.0992188
0 0 0.0991809
0 0 0.0988112
0 0 0.0987268
0 0 0.0984723
0 0 0.098266
0 0 0.0980725
0 0 0.0980538
0 0 0.0977579
0 0 0.0975531
0 0 0.0973435
0 0 0.0966598
0 0 0.0964434
0 0 0.0962871
0 0 0.096126
0 0 0.095785
0 0 0.0956662
0 0 0.0955076
0 0 0.0954022
0 0 0.0953853
0 0 0.0953033
0 0 0.0951193
0 0 0.0949035
0 0 0.0948022
0 0 0.0932654
0 0 0.093168
0 0 0.093166
0 0 0.0930933
0 0 0.0927447
0 0 0.0921693
0 0 0.0917916
0 0 0.0914937
0 0 0.0914585
0 0 0.0914435
0 0 0.0913424
0 0 0.0910352
0 0 0.0908996
0 0 0.0908569
0 0 0.0903262
0 0 0.0900688
0 0 0.089346
0 0 0.0891962
0 0 0.0891424
0 0 0.0891307
0 0 0.0890281
0 0 0.0889278
0 0 0.0888866
0 0 0.0885881
0 0 0.0883505
0 0 0.0881952
0 0 0.0881656
0 0 0.087495
0 0 0.0869675
0 0 0.0866291
0 0 0.0863657
0 0 0.0862609
0 0 0.0861693
0 0 0.0859364
0 0 0.085798
0 0 0.0854717
0 0 0.0851888
0 0 0.0851601
0 0 0.0850298
0 0 0.0848755
0 0 0.0846405
0 0 0.083386
0 0 0.0833528
0 0 0.0833061
0 0 0.0832897
0 0 0.082957
0 0 0.0829303
0 0 0.082928
0 0 0.0828409
0 0 0.0826727
0 0 0.0825598
0 0 0.0823443
0 0 0.0821967
0 0 0.0819051
0 0 0.0817301
0 0 0.0815284
0 0 0.0814381
0 0 0.08119
0 0 0.0808442
0 0 0.0808408
0 0 0.0803052
0 0 0.0798267
0 0 0.0796639
0 0 0.0791806
0 0 0.0785236
0 0 0.0784009
0 0 0.0782107
0 0 0.0781956
0 0 0.0781914
0 0 0.0780472
0 0 0.0773384
0 0 0.0771822
0 0 0.0770295
0 0 0.0768368
0 0 0.0764664
0 0 0.0764021
0 0 0.0762571
1 0.460374 0.536425
0 0 0.0760395
0 0 0.0759936
0 0 0.0759719
0 0 0.075838
0 0 0.0756374
0 0 0.0755813
0 0 0.0755757
0 0 0.0752996
0 0 0.075259
0 0 0.0751602
0 0 0.0750362
0 0 0.0750137
0 0 0.0749151
0 0 0.0748176
0 0 0.0742827
0 0 0.0741231
0 0 0.0737651
0 0 0.0733546
0 0 0.0730304
0 0 0.0730261
0 0 0.0726481
0 0 0.0726147
0 0 0.0725593
0 0 0.0725529
0 0 0.0725321
0 0 0.0719446
0 0 0.0718258
0 0 0.0718233
0 0 0.0716815
0 0 0.0715645
0 0 0.0715379
0 0 0.0713027
0 0 0.0707413
0 0 0.0706937
0 0 0.0705842
1 0.186804 0.257305
0 0 0.0696933
0 0 0.069644
0 0 0.0690574
0 0 0.0690028
0 0 0.0688501
0 0 0.0684663
1 0.445391 0.513849
0 0 0.068445
0 0 0.0684392
0 0 0.0680942
0 0 0.0680841
0 0 0.0679077
0 0 0.0676156
0 0 0.0676113
0 0 0.0670601
0 0 0.0667769
0 0 0.0667587
0 0 0.0666534
0 0 0.0664431
0 0 0.066331
0 0 0.0661812
0 0 0.0657694
0 0 0.0653103
0 0 0.0651504
0 0 0.0651173
0 0 0.0649698
0 0 0.0647474
0 0 0.064275
0 0 0.0635087
0 0 0.0635043
0 0 0.062811
0 0 0.0625784
0 0 0.062067
0 0 0.0617049
0 0 0.0616183
0 0 0.0605576
0 0 0.056115
1 0.283371 0.339448
0 0 0.0550345
0 0 0.0534716
0 0 0.0532168
0 0 0.0525379
0 0 0.0511307
1 0.449958 0.494168
1 0.17887 0.219576
1 0.220758 0.260603
1 0.166657 0.206008
1 0.266324 0.305412
1 0.199479 0.236831
1 0.291432 0.325295
1 0.280724 0.312376
1 0.108325 0.139569
1 0.212871 0.24294
1 0.111971 0.141856
1 0.112542 0.141394
1 0.13807 0.166423
1 0.310176 0.337677
1 0.173542 0.200875
1 0.320404 0.346934
1 0.0851571 0.111574
1 0.105324 0.131665
1 0.106585 0.132808
1 0.134483 0.16058
1 0.103236 0.127923
1 0.151644 0.176266
1 0.12331 0.147828
1 0.101621 0.125927
1 0.0949303 0.118073
1 0.0791448 0.10207
1 0.108718 0.130411
1 0.144431 0.165998
1 0.108255 0.129346
2 0.158613 0.179654
1 0.18156 0.200984
1 0.239118 0.258294
1 0.0805022 0.0996649
1 0.0796844 0.0986751
1 0.149677 0.167439
1 0.184476 0.201724
1 0.106544 0.123739
1 0.0826422 0.0996234
1 0.104441 0.121393
1 0.0936699 0.110324
1 0.528228 0.544754
1 0.101113 0.117566
1 0.0897412 0.105406
1 0.119019 0.134432
1 0.100993 0.116268
1 0.108284 0.123395
1 0.200533 0.2156
1 0.292171 0.306738
1 0.0874031 0.10192
1 0.0899451 0.104284
1 0.184129 0.198175
1 0.0920028 0.106047
1 0.102044 0.115454
1 0.148068 0.161403
1 0.083149 0.0963023
1 0.0829908 0.0961009
1 0.324261 0.337008
1 0.144665 0.157066
1 0.136783 0.149123
1 0.0923545 0.104118
1 0.119259 0.130936
1 0.316072 0.32759
1 0.0907043 0.10207
1 0.102031 0.113386
2 0.341092 0.352408
1 0.0805602 0.0917748
1 0.107395 0.118567
1 0.362812 0.373954
1 0.0991887 0.110324
2 0.132211 0.143286
1 0.104399 0.115454
1 0.109306 0.120312
1 0.0835007 0.094457
2 0.125927 0.136723
1 0.131134 0.141569
2 0.141856 0.152159
1 0.114028 0.12429
1 0.113271 0.123243
1 0.145232 0.155163
1 0.118599 0.128512
1 0.115532 0.12535
1 0.118782 0.128564
2 0.16143 0.171204
1 0.104685 0.114219
2 0.168401 0.177865
1 0.101524 0.110965
1 0.108681 0.118089
2 0.130803 0.140043
2 0.122671 0.131715
1 0.125618 0.134613
2 0.16891 0.17789
1 0.147521 0.156463
1 0.0934404 0.102371
1 0.118561 0.12743
1 0.0787681 0.087622
1 0.123571 0.132356
1 0.135109 0.143858
1 0.117461 0.125902
1 0.105338 0.113686
1 0.0763599 0.0846952
1 0.114251 0.122573
1 0.10829 0.116565
1 0.0872211 0.0954521
1 0.102494 0.110626
1 0.120718 0.128804
1 0.165112 0.173194
1 0.130924 0.139
1 0.130091 0.137928
1 0.10006 0.107842
2 0.13809 0.145865
2 0.10583 0.11352
1 0.109958 0.117635
1 0.101939 0.10956
1 0.131535 0.139123
1 0.129476 0.13692
2 0.176266 0.183612
1 0.140393 0.147694
1 0.119637 0.126904
1 0.120326 0.127494
2 0.118424 0.125474
2 0.125161 0.1322
2 0.124744 0.131773
1 0.212424 0.219442
1 0.109138 0.116141
1 0.293525 0.300346
1 0.0971193 0.103843
1 0.0810594 0.0877274
2 0.118051 0.124707
1 0.185296 0.191744
1 0.140155 0.146551
1 0.128016 0.134389
1 0.110299 0.11666
1 0.105945 0.112304
1 0.146487 0.152603
2 0.134222 0.140286
1 0.13296 0.139
1 0.299537 0.305551
1 0.265395 0.271331
1 0.131247 0.137106
1 0.120218 0.125902
1 0.192316 0.197979
1 0.123 0.128564
1 0.0890262 0.0945883
2 0.138372 0.143912
1 0.121305 0.126824
1 0.101381 0.106795
1 0.0950987 0.100468
1 0.179877 0.185178
2 0.16058 0.165863
1 0.137363 0.142599
1 0.275099 0.280329
2 0.139967 0.145138
1 0.220999 0.226161
2 0.216356 0.221367
1 0.179916 0.18491
1 0.135601 0.140492
2 0.151585 0.156242
1 0.135605 0.140171
1 0.152458 0.156992
1 0.121709 0.126088
1 0.0945635 0.098819
2 0.136432 0.140617
1 0.133113 0.137183
1 0.107723 0.111781
1 0.106342 0.110322
1 0.124881 0.128808
1 0.140278 0.144196
1 0.173592 0.177496
1 0.110735 0.114618
1 0.174609 0.178318
2 0.131324 0.134983
1 0.111333 0.114886
1 0.100228 0.103676
1 0.0950792 0.0984378
1 0.130369 0.133603
1 0.0801013 0.0833286
1 0.105945 0.109107
1 0.250329 0.25336
1 0.121787 0.12479
1 0.144194 0.14713
2 0.125294 0.128162
1 0.166338 0.169183
1 0.101391 0.104228
2 0.114841 0.117668
1 0.111039 0.11384
1 0.121879 0.124524
2 0.1441 0.146716
1 0.0855289 0.0880939
2 0.175406 0.17789
1 0.0980491 0.100464
2 0.119432 0.121826
1 0.413631 0.416008
1 0.136219 0.138553
1 0.0950866 0.0974071
1 0.121202 0.123446
1 0.111073 0.113312
2 0.126974 0.129077
2 0.139872 0.141878
1 0.111767 0.113743
1 0.130919 0.132835
2 0.128804 0.13071
2 0.262001 0.263859
2 0.12116 0.123004
1 0.141423 0.143235
2 0.126357 0.128162
1 0.150693 0.152487
1 0.104618 0.106243
2 0.116867 0.118395
1 0.0877039 0.0892076
1 0.0912537 0.0927444
1 0.0941569 0.0956444
1 0.157989 0.159467
1 0.212221 0.21369
1 0.140852 0.142237
2 0.103223 0.104603
1 0.10606 0.107412
2 0.154899 0.156242
1 0.109566 0.11086
1 0.139916 0.141199
1 0.122009 0.123182
2 0.134532 0.135639
2 0.168699 0.169703
1 0.189765 0.190736
1 0.127051 0.128007
1 0.138805 0.139743
2 0.202646 0.203581
1 0.102497 0.103385
1 0.289336 0.290213
1 0.152174 0.153026
2 0.126674 0.127494
1 0.125687 0.126454
1 0.106786 0.10751
2 0.114372 0.115042
1 0.196532 0.197132
2 0.150523 0.151087
1 0.118573 0.119068
2 0.145474 0.145947
1 0.130779 0.131244
1 0.122828 0.123291
2 0.126055 0.126514
2 0.134616 0.134983
1 0.0874179 0.0877732
1 0.0967936 0.0971373
1 0.0941417 0.0944414
1 0.137316 0.137549
1 0.185105 0.185178
2 0.130981 0.131031
2 0.140389 0.140435
2 0.148177 0.148209
1 0.118268 0.118297
1 0.101101 0.101128
1 0.143811 0.143817
