0 0 inf
0 0 inf
0 0 inf
0 0 inf
0 0 0.759101
0 0 0.655759
0 0 0.64908
0 0 0.597048
0 0 0.573263
0 0 0.568295
0 0 0.563525
0 0 0.516134
0 0 0.511632
0 0 0.498685
0 0 0.483819
0 0 0.454572
0 0 0.427473
0 0 0.420177
0 0 0.418124
0 0 0.400615
0 0 0.39581
0 0 0.39559
0 0 0.37143
0 0 0.363218
0 0 0.362575
0 0 0.357987
0 0 0.351168
0 0 0.348027
0 0 0.347282
0 0 0.342217
0 0 0.331034
0 0 0.327085
0 0 0.32644
0 0 0.317541
0 0 0.315501
0 0 0.309993
0 0 0.302703
0 0 0.299497
0 0 0.291154
0 0 0.285218
0 0 0.276797
0 0 0.263655
0 0 0.25217
0 0 0.247948
0 0 0.247826
0 0 0.235036
0 0 0.234262
0 0 0.233538
0 0 0.229948
0 0 0.229126
0 0 0.221241
0 0 0.219169
0 0 0.215295
0 0 0.21087
0 0 0.210828
0 0 0.206329
0 0 0.204888
0 0 0.202173
0 0 0.200791
0 0 0.198353
0 0 0.19056
0 0 0.190301
0 0 0.189542
0 0 0.187081
0 0 0.186862
0 0 0.185209
0 0 0.184709
0 0 0.183344
0 0 0.183301
0 0 0.182864
0 0 0.182009
0 0 0.181797
0 0 0.178616
0 0 0.176932
0 0 0.173973
0 0 0.1731
0 0 0.172419
0 0 0.171673
0 0 0.170895
0 0 0.170263
0 0 0.170003
0 0 0.168469
0 0 0.166447
0 0 0.165908
0 0 0.165107
0 0 0.164452
0 0 0.161408
0 0 0.158677
0 0 0.156886
0 0 0.155849
0 0 0.155537
0 0 0.155439
0 0 0.153928
0 0 0.153713
0 0 0.152857
0 0 0.152523
0 0 0.15176
0 0 0.151311
0 0 0.15064
0 0 0.148864
0 0 0.147198
0 0 0.14697
0 0 0.146645
0 0 0.146115
0 0 0.145922
0 0 0.144695
0 0 0.143386
0 0 0.142736
0 0 0.142263
0 0 0.141853
0 0 0.138473
0 0 0.138274
0 0 0.137462
0 0 0.134097
0 0 0.133486
0 0 0.132491
0 0 0.13199
0 0 0.13198
0 0 0.131251
0 0 0.131197
0 0 0.131086
0 0 0.130737
0 0 0.130076
0 0 0.129556
0 0 0.129453
0 0 0.128355
0 0 0.128169
0 0 0.127804
0 0 0.127628
0 0 0.127264
0 0 0.126693
0 0 0.12642
0 0 0.126332
0 0 0.12515
0 0 0.125113
0 0 0.124664
0 0 0.124189
0 0 0.123947
0 0 0.123632
0 0 0.123604
0 0 0.123123
0 0 0.122353
0 0 0.122286
0 0 0.121576
0 0 0.121443
0 0 0.120947
0 0 0.120614
0 0 0.119712
0 0 0.119619
0 0 0.11951
0 0 0.119426
0 0 0.118545
0 0 0.11741
0 0 0.116923
0 0 0.116733
0 0 0.116299
0 0 0.116176
0 0 0.114863
0 0 0.114312
0 0 0.11321
0 0 0.11317
0 0 0.113066
0 0 0.11305
0 0 0.11272
0 0 0.112253
0 0 0.111858
0 0 0.111658
0 0 0.111575
0 0 0.111354
0 0 0.111285
0 0 0.11125
0 0 0.111249
0 0 0.110765
0 0 0.110469
0 0 0.110157
0 0 0.11013
0 0 0.110043
0 0 0.109879
0 0 0.109824
0 0 0.109354
0 0 0.109175
0 0 0.108871
0 0 0.108849
0 0 0.108255
0 0 0.107924
0 0 0.107889
0 0 0.107721
0 0 0.107501
0 0 0.107382
0 0 0.107004
0 0 0.106927
0 0 0.106899
0 0 0.106658
0 0 0.106612
0 0 0.105918
0 0 0.105836
0 0 0.105214
0 0 0.104695
0 0 0.103707
0 0 0.103625
0 0 0.103129
0 0 0.102443
0 0 0.102192
0 0 0.102188
0 0 0.101928
0 0 0.101911
0 0 0.101736
0 0 0.101671
0 0 0.101169
0 0 0.100973
0 0 0.100959
0 0 0.100154
0 0 0.0999332
0 0 0.0998614
0 0 0.0995378
0 0 0.0992967
0 0 0.0991722
0 0 0.0991674
0 0 0.0982062
0 0 0.0980162
0 0 0.0976682
0 0 0.0975216
0 0 0.0974592
0 0 0.0950837
0 0 0.0949435
0 0 0.0949048
0 0 0.0944908
0 0 0.0941169
0 0 0.0939108
0 0 0.0937391
0 0 0.0936705
0 0 0.0934366
0 0 0.093373
0 0 0.093304
0 0 0.0932403
0 0 0.0929832
0 0 0.0927271
0 0 0.0922725
0 0 0.0922311
0 0 0.0921354
0 0 0.0919995
0 0 0.0918247
0 0 0.0917739
0 0 0.0916659
0 0 0.091494
0 0 0.0913917
0 0 0.0913711
0 0 0.0910562
0 0 0.0904018
0 0 0.0901811
0 0 0.0898263
0 0 0.0889243
0 0 0.0885494
0 0 0.0884547
0 0 0.0881728
0 0 0.0878511
0 0 0.0875748
0 0 0.0875028
0 0 0.0874864
0 0 0.0873706
0 0 0.0870204
0 0 0.0869417
0 0 0.0869236
0 0 0.086859
0 0 0.0867514
0 0 0.0866496
0 0 0.0864764
0 0 0.0863097
0 0 0.086246
0 0 0.0860796
0 0 0.086009
0 0 0.0852888
0 0 0.0849478
0 0 0.084765
0 0 0.0845263
0 0 0.0843912
0 0 0.0843819
0 0 0.0842842
0 0 0.083934
0 0 0.0837971
0 0 0.0837616
0 0 0.0834826
0 0 0.0833968
0 0 0.0833368
0 0 0.0830376
0 0 0.0829985
0 0 0.0825904
0 0 0.0820956
0 0 0.0818128
0 0 0.081679
0 0 0.0813497
0 0 0.0811483
0 0 0.0805446
0 0 0.0805145
0 0 0.0801921
0 0 0.0801853
0 0 0.0801612
0 0 0.0800004
0 0 0.07987
0 0 0.0797771
0 0 0.0792458
0 0 0.0789497
0 0 0.0787267
0 0 0.078675
0 0 0.0786474
0 0 0.0783705
0 0 0.0780442
0 0 0.0776235
0 0 0.0775771
0 0 0.0773868
0 0 0.0770262
0 0 0.0769073
0 0 0.0768428
0 0 0.0767166
0 0 0.0766249
0 0 0.076596
0 0 0.0765109
0 0 0.0762443
0 0 0.0761856
0 0 0.0761712
0 0 0.0759439
0 0 0.0757969
0 0 0.0749875
0 0 0.0743732
0 0 0.074288
0 0 0.0740829
0 0 0.0740487
0 0 0.0737364
0 0 0.0737214
0 0 0.0736931
0 0 0.0733448
0 0 0.0732402
0 0 0.073078
0 0 0.0730774
0 0 0.0727674
0 0 0.0726313
0 0 0.0725352
0 0 0.0725259
0 0 0.072479
0 0 0.0720881
0 0 0.0719401
0 0 0.0717079
0 0 0.071311
0 0 0.0712488
0 0 0.0712184
0 0 0.0711586
0 0 0.0709379
0 0 0.070333
0 0 0.0703227
0 0 0.0696121
0 0 0.0693971
0 0 0.0693851
0 0 0.069256
0 0 0.0691846
0 0 0.069117
0 0 0.0691052
0 0 0.0690199
0 0 0.0689466
0 0 0.0688933
0 0 0.0682892
0 0 0.0678496
0 0 0.0676832
0 0 0.0676475
0 0 0.0669672
0 0 0.0668588
0 0 0.0659856
0 0 0.0659222
0 0 0.0658371
0 0 0.065815
0 0 0.0654831
0 0 0.0651774
0 0 0.0648916
0 0 0.0644841
0 0 0.0641093
0 0 0.0639893
0 0 0.0638117
0 0 0.0637407
0 0 0.0636442
0 0 0.0635781
0 0 0.0627791
0 0 0.0625726
0 0 0.0625217
0 0 0.062327
0 0 0.0623002
0 0 0.0622688
0 0 0.0621117
0 0 0.0617612
0 0 0.0609988
0 0 0.0609875
0 0 0.0592752
0 0 0.0589113
0 0 0.0584877
0 0 0.0571607
0 0 0.0556623
0 0 0.0551289
0 0 0.0551097
0 0 0.0545789
0 0 0.0540547
1 0.484922 0.537954
0 0 0.0495315
0 0 0.048425
1 0.204664 0.250063
1 0.429419 0.473651
1 0.333277 0.370788
1 0.578141 0.613814
1 0.192451 0.225238
1 0.308851 0.340082
1 0.675099 0.705878
1 0.224948 0.250302
1 0.121076 0.144248
1 0.153043 0.175485
1 0.112623 0.134156
1 0.103194 0.123922
1 0.114457 0.133748
1 0.209498 0.22759
1 0.124708 0.142528
2 0.2292 0.246957
1 0.0963422 0.113395
1 0.0984269 0.115431
1 0.113644 0.129156
1 0.131662 0.147044
1 0.148367 0.163576
1 0.1138 0.128412
1 0.133612 0.147735
1 0.161992 0.176083
1 0.210051 0.223796
1 0.0784319 0.0921429
1 0.132946 0.146284
1 0.0823106 0.0952102
1 0.18262 0.195247
1 0.183531 0.195834
1 0.0775085 0.0894956
1 0.102768 0.114375
1 0.107728 0.119297
1 0.0925882 0.104042
1 0.156538 0.167866
1 0.116831 0.128138
1 0.0877206 0.0990184
1 0.0937596 0.104767
1 0.117719 0.128702
1 0.0929956 0.103954
1 0.377113 0.388051
1 0.0794441 0.0903639
1 0.104347 0.115113
1 0.0741264 0.0848172
1 0.125974 0.136607
1 0.127094 0.137677
1 0.0778002 0.0882447
1 0.107726 0.118017
1 0.102226 0.112493
1 0.0829605 0.0931052
1 0.156189 0.166053
1 0.0955816 0.105405
1 0.127486 0.137239
1 0.109059 0.118649
1 0.47144 0.480805
1 0.0961425 0.105405
1 0.0956868 0.104947
2 0.18067 0.189863
1 0.192293 0.201449
1 0.149473 0.158361
2 0.220287 0.229111
1 0.106396 0.115199
1 0.098394 0.107195
1 0.182206 0.190887
1 0.108758 0.117417
1 0.0818442 0.090448
1 0.154121 0.162522
1 0.110624 0.11893
1 0.0996283 0.107917
1 0.121329 0.129594
1 0.120792 0.12905
1 0.105828 0.114068
1 0.0752884 0.0833677
1 0.0996489 0.107678
1 0.0929179 0.100593
1 0.18565 0.193284
1 0.0924288 0.0997352
1 0.117851 0.125017
1 0.0836595 0.0907522
1 0.13094 0.138029
1 0.0651107 0.072033
1 0.0663107 0.0732227
1 0.135631 0.142498
1 0.164222 0.171082
1 0.102251 0.109053
1 0.117313 0.124096
1 0.11217 0.11893
1 0.0830928 0.0897987
1 0.0992471 0.10592
1 0.101768 0.108376
1 0.194488 0.201033
2 0.107899 0.114269
1 0.150653 0.15702
1 0.0931205 0.0994059
1 0.0861963 0.0924708
1 0.0896594 0.0959143
1 0.0825399 0.0887149
1 0.0915296 0.0976718
1 0.102972 0.109076
1 0.073854 0.0799337
1 0.10958 0.115403
1 0.111866 0.117666
1 0.0787626 0.0845083
1 0.10259 0.108159
1 0.085064 0.0906243
2 0.128437 0.13399
1 0.12953 0.134987
1 0.0740452 0.0794566
1 0.133435 0.138797
2 0.13795 0.14328
2 0.138287 0.143601
1 0.162289 0.167596
1 0.118947 0.124169
1 0.227255 0.232442
1 0.11173 0.116894
1 0.121895 0.127042
1 0.0949592 0.100073
2 0.150569 0.155646
2 0.108052 0.113063
2 0.114472 0.119473
1 0.0716186 0.0766038
1 0.127211 0.132192
1 0.166738 0.17167
1 0.0739114 0.0788352
2 0.155713 0.160626
1 0.0838934 0.0888068
1 0.113454 0.118298
1 0.116937 0.121778
1 0.10195 0.106714
1 0.0919276 0.0966779
1 0.120333 0.12504
2 0.0987613 0.103409
2 0.0989322 0.103409
2 0.082038 0.0864877
1 0.0781317 0.0825237
2 0.0979848 0.102357
1 0.136635 0.140981
2 0.205604 0.209914
1 0.11272 0.116894
1 0.0738072 0.0779772
1 0.13929 0.143455
1 0.12559 0.129698
2 0.0848109 0.0889088
1 0.180606 0.184662
1 0.143933 0.147972
1 0.0983616 0.102331
2 0.242912 0.246877
1 0.0915395 0.0954735
1 0.0899174 0.0938383
1 0.106334 0.110169
1 0.130862 0.134685
1 0.0772833 0.0810813
1 0.10132 0.105047
1 0.0712463 0.0749426
1 0.14254 0.14623
1 0.189913 0.193552
1 0.10545 0.109076
2 0.0907351 0.0943528
1 0.0848583 0.0884642
1 0.0775718 0.0811693
1 0.108778 0.11233
1 0.116081 0.119625
1 0.0902641 0.0937747
2 0.087329 0.0908193
2 0.109928 0.113396
1 0.120524 0.123922
1 0.119824 0.123222
2 0.10553 0.108815
1 0.105749 0.109008
1 0.0815193 0.0847767
1 0.0864359 0.0896875
2 0.117289 0.120481
1 0.0948396 0.098027
1 0.200045 0.203199
1 0.0690042 0.0721545
2 0.129698 0.132829
1 0.120131 0.123222
1 0.140265 0.143328
1 0.118779 0.121734
2 0.0973976 0.100352
1 0.112745 0.115653
1 0.0821659 0.0850637
1 0.173468 0.176314
2 0.106653 0.109497
1 0.081233 0.0840318
2 0.109528 0.112313
1 0.105995 0.108738
2 0.137565 0.140242
2 0.138352 0.141026
1 0.118456 0.121066
1 0.172657 0.17523
1 0.112157 0.114703
1 0.0876404 0.0901394
1 0.0835913 0.0860732
2 0.125502 0.127969
2 0.0909996 0.0934352
2 0.0992289 0.101645
1 0.0894759 0.091866
1 0.0858048 0.0881852
1 0.0900963 0.0924459
2 0.110286 0.112622
1 0.0882469 0.0905794
2 0.133275 0.135607
2 0.093127 0.0954032
2 0.110073 0.112252
1 0.0765888 0.0787479
1 0.233022 0.235083
2 0.0790707 0.0811308
1 0.100924 0.102904
1 0.108256 0.110193
2 0.0901518 0.0920762
1 0.0701324 0.0720424
1 0.0942954 0.0961841
1 0.17243 0.1743
1 0.0884515 0.0902644
2 0.0924459 0.094183
2 0.0911619 0.092897
1 0.097403 0.0991059
1 0.110512 0.112194
1 0.10507 0.106743
2 0.167351 0.169016
2 0.104676 0.106317
2 0.0987953 0.100418
1 0.14071 0.142323
1 0.096288 0.0978121
1 0.0880806 0.0895945
1 0.104215 0.10572
1 0.135563 0.137063
1 0.119684 0.121143
1 0.0935391 0.0949655
2 0.107899 0.109254
2 0.0934744 0.0947912
1 0.106607 0.107899
1 0.0796322 0.0809233
1 0.0829059 0.0841961
2 0.0931849 0.094461
1 0.117379 0.118649
1 0.136131 0.137373
2 0.147737 0.148942
1 0.0923876 0.0935742
1 0.0631378 0.0642665
1 0.104834 0.10592
2 0.134555 0.135616
1 0.0855135 0.0865652
1 0.137865 0.138869
1 0.127453 0.128451
1 0.105059 0.106056
1 0.0823881 0.0833677
2 0.111388 0.112313
1 0.0899998 0.0909232
1 0.103773 0.104678
1 0.0863244 0.087228
2 0.122336 0.12313
2 0.167866 0.168638
1 0.0810591 0.0818206
1 0.0837644 0.0844951
2 0.109692 0.110421
2 0.0832367 0.0839396
1 0.146657 0.147358
2 0.109791 0.110461
1 0.100997 0.101652
2 0.120231 0.120875
1 0.101552 0.102183
1 0.105812 0.106434
1 0.195553 0.196158
1 0.0815445 0.0821491
1 0.115639 0.116211
1 0.14708 0.147629
2 0.103834 0.104363
1 0.102118 0.10263
1 0.184154 0.184662
1 0.140511 0.141019
2 0.101857 0.102364
2 0.108815 0.109293
1 0.0964436 0.0969107
2 0.0985032 0.0989642
1 0.120815 0.121221
1 0.0723764 0.0727764
2 0.141731 0.142098
2 0.0982987 0.0986448
2 0.109256 0.109542
2 0.117349 0.11763
2 0.117349 0.11763
2 0.126807 0.127054
1 0.11613 0.116357
2 0.0938331 0.0940454
2 0.0902503 0.090448
2 0.125148 0.125343
2 0.112193 0.11233
2 0.0977247 0.0978491
1 0.104831 0.104947
1 0.0786697 0.0787479
1 0.0749751 0.0750369
2 0.119825 0.119875
1 0.226138 0.226144
