0 0 inf
0 0 inf
0 0 inf
0 0 inf
0 0 inf
0 0 inf
0 0 inf
0 0 inf
0 0 0.734318
0 0 0.725323
0 0 0.704
0 0 0.687368
0 0 0.643622
0 0 0.621403
0 0 0.606876
0 0 0.595421
0 0 0.595058
0 0 0.580402
0 0 0.546765
0 0 0.536214
0 0 0.532004
0 0 0.527821
0 0 0.517466
0 0 0.516344
0 0 0.515205
0 0 0.513686
0 0 0.504337
0 0 0.504282
0 0 0.483144
0 0 0.476306
0 0 0.472133
0 0 0.469548
0 0 0.453866
0 0 0.453484
0 0 0.451131
0 0 0.44935
0 0 0.447954
0 0 0.446053
0 0 0.443169
0 0 0.442415
0 0 0.440058
0 0 0.439945
0 0 0.434818
0 0 0.427184
0 0 0.425556
0 0 0.424459
0 0 0.417047
0 0 0.413198
0 0 0.412793
0 0 0.404332
0 0 0.387021
0 0 0.386893
0 0 0.380234
0 0 0.380211
0 0 0.377938
0 0 0.377551
0 0 0.37368
0 0 0.372248
0 0 0.367691
0 0 0.365413
0 0 0.363112
0 0 0.362378
0 0 0.3545
0 0 0.350523
0 0 0.348086
0 0 0.343154
0 0 0.342526
0 0 0.336343
0 0 0.332782
0 0 0.33119
0 0 0.328892
0 0 0.323391
0 0 0.319511
0 0 0.313806
0 0 0.311578
0 0 0.311205
0 0 0.304608
0 0 0.302476
0 0 0.301692
0 0 0.29963
0 0 0.299445
0 0 0.29528
0 0 0.294418
0 0 0.293132
0 0 0.293016
0 0 0.291932
0 0 0.28841
0 0 0.288
0 0 0.284223
0 0 0.281869
0 0 0.279822
0 0 0.27687
0 0 0.273729
0 0 0.273156
0 0 0.273072
0 0 0.27303
0 0 0.271121
0 0 0.27106
0 0 0.270044
0 0 0.26529
0 0 0.264975
0 0 0.262688
0 0 0.262509
0 0 0.260527
0 0 0.25803
0 0 0.257807
0 0 0.254112
0 0 0.253098
0 0 0.251149
0 0 0.248224
0 0 0.247295
0 0 0.2468
0 0 0.243682
0 0 0.243056
0 0 0.237128
0 0 0.236868
0 0 0.235743
0 0 0.23409
0 0 0.233254
0 0 0.23273
0 0 0.232175
0 0 0.229421
0 0 0.227357
0 0 0.226685
0 0 0.226423
0 0 0.224305
0 0 0.223976
0 0 0.22359
0 0 0.222378
0 0 0.220515
0 0 0.217888
0 0 0.215899
0 0 0.21551
0 0 0.212598
0 0 0.21127
0 0 0.21037
0 0 0.209707
0 0 0.209517
0 0 0.209122
0 0 0.209072
0 0 0.208406
0 0 0.20702
0 0 0.206445
0 0 0.204936
0 0 0.202233
0 0 0.200751
0 0 0.200522
0 0 0.199655
0 0 0.199372
0 0 0.1986
0 0 0.197499
0 0 0.196561
0 0 0.195524
0 0 0.194548
0 0 0.193651
0 0 0.193311
0 0 0.193137
0 0 0.191479
0 0 0.191156
0 0 0.190555
0 0 0.189336
0 0 0.189174
0 0 0.188077
0 0 0.186909
0 0 0.186268
0 0 0.186055
0 0 0.185639
0 0 0.184266
0 0 0.182854
0 0 0.18064
0 0 0.179116
0 0 0.179039
0 0 0.178414
0 0 0.178353
0 0 0.178266
0 0 0.178155
0 0 0.178035
0 0 0.177885
0 0 0.177239
0 0 0.17704
0 0 0.176755
0 0 0.176707
0 0 0.176634
0 0 0.17532
0 0 0.170542
0 0 0.16884
0 0 0.168837
0 0 0.168821
0 0 0.168677
0 0 0.168576
0 0 0.168574
0 0 0.168262
0 0 0.167019
0 0 0.166643
0 0 0.166402
0 0 0.166032
0 0 0.165259
0 0 0.164841
0 0 0.164331
0 0 0.163603
0 0 0.163006
0 0 0.162704
0 0 0.162161
0 0 0.161594
0 0 0.161536
0 0 0.160798
0 0 0.160744
0 0 0.160599
0 0 0.159679
0 0 0.159018
0 0 0.158462
0 0 0.157631
0 0 0.157025
0 0 0.156477
0 0 0.156154
0 0 0.155476
0 0 0.154922
0 0 0.154563
0 0 0.154447
0 0 0.154263
0 0 0.152318
0 0 0.152179
0 0 0.151883
0 0 0.151684
0 0 0.151303
0 0 0.150748
0 0 0.150609
0 0 0.150513
0 0 0.149766
0 0 0.149727
0 0 0.148131
0 0 0.147618
0 0 0.147234
0 0 0.146992
0 0 0.146165
0 0 0.146125
0 0 0.145625
0 0 0.145162
0 0 0.145041
0 0 0.144886
0 0 0.144618
0 0 0.144273
0 0 0.144043
0 0 0.143638
0 0 0.143387
0 0 0.143198
0 0 0.143047
0 0 0.14267
0 0 0.141773
0 0 0.141163
0 0 0.140999
0 0 0.140955
0 0 0.140645
0 0 0.140177
0 0 0.139556
0 0 0.139453
0 0 0.13923
0 0 0.139078
0 0 0.13875
0 0 0.13856
0 0 0.138547
0 0 0.138539
0 0 0.138481
0 0 0.138409
0 0 0.137185
0 0 0.135737
0 0 0.135553
0 0 0.13534
0 0 0.135276
0 0 0.134724
0 0 0.134655
0 0 0.134257
0 0 0.1342
0 0 0.133907
0 0 0.133803
0 0 0.133673
0 0 0.133543
0 0 0.133448
0 0 0.132565
0 0 0.131831
0 0 0.131659
0 0 0.131455
0 0 0.131418
0 0 0.130941
0 0 0.13068
0 0 0.130576
0 0 0.130323
0 0 0.130049
0 0 0.12995
0 0 0.129669
0 0 0.12952
0 0 0.128453
0 0 0.127782
0 0 0.127776
0 0 0.12772
0 0 0.127155
0 0 0.127111
0 0 0.126983
0 0 0.12637
0 0 0.125888
0 0 0.125548
0 0 0.125309
0 0 0.12508
0 0 0.124781
0 0 0.124409
0 0 0.124334
0 0 0.123359
0 0 0.123138
0 0 0.123014
0 0 0.122971
0 0 0.122822
0 0 0.122569
0 0 0.122525
0 0 0.122103
0 0 0.121401
0 0 0.120932
0 0 0.120466
0 0 0.120451
0 0 0.120318
0 0 0.120207
0 0 0.119975
0 0 0.119719
0 0 0.119708
0 0 0.118447
0 0 0.118203
0 0 0.118183
0 0 0.117977
0 0 0.117973
0 0 0.117919
0 0 0.117886
0 0 0.117489
0 0 0.117209
0 0 0.116837
0 0 0.11644
0 0 0.115555
0 0 0.115542
0 0 0.115047
0 0 0.114395
0 0 0.114113
0 0 0.113931
0 0 0.113394
0 0 0.113047
0 0 0.112673
0 0 0.111765
0 0 0.111343
0 0 0.111264
0 0 0.111213
0 0 0.111056
0 0 0.110994
0 0 0.110684
0 0 0.110457
0 0 0.110348
0 0 0.110253
0 0 0.109417
0 0 0.109136
0 0 0.108949
0 0 0.108581
0 0 0.108455
0 0 0.108197
0 0 0.108128
0 0 0.108009
0 0 0.107879
0 0 0.107878
0 0 0.107603
0 0 0.107183
0 0 0.107163
0 0 0.107021
0 0 0.106567
0 0 0.106562
0 0 0.106331
0 0 0.105689
0 0 0.10527
0 0 0.105264
0 0 0.104303
0 0 0.104242
0 0 0.10347
0 0 0.103382
0 0 0.103225
0 0 0.102936
0 0 0.10244
0 0 0.102388
0 0 0.101908
0 0 0.101647
0 0 0.101139
0 0 0.0982761
0 0 0.0973085
0 0 0.096776
0 0 0.0966801
0 0 0.0965672
0 0 0.0955614
1 0.677125 0.771096
0 0 0.0939237
0 0 0.0917128
0 0 0.0910527
0 0 0.089752
1 0.584174 0.673061
0 0 0.0862031
0 0 0.0825471
0 0 0.0822047
0 0 0.0797885
0 0 0.0785006
1 0.291291 0.365542
0 0 0.072681
1 0.27124 0.328369
1 0.343954 0.397844
1 0.349988 0.403768
1 0.65599 0.707539
1 0.485477 0.533527
1 0.310954 0.357711
1 0.345262 0.391128
1 0.413227 0.457766
1 0.418937 0.461296
1 0.369613 0.411535
1 0.557707 0.599433
2 0.468343 0.50927
1 0.657568 0.696143
1 0.262909 0.30066
1 0.656333 0.693992
1 0.315331 0.352474
1 0.188638 0.22575
1 0.473052 0.509685
1 0.451064 0.487652
1 0.158091 0.193848
1 0.149548 0.185049
1 0.358921 0.393962
1 0.427126 0.461255
1 0.19985 0.233149
1 0.201077 0.231486
1 0.20549 0.235277
1 0.210052 0.239191
1 0.285661 0.314544
1 0.267056 0.295455
1 0.165893 0.194195
1 0.236252 0.264408
1 0.488056 0.515894
1 0.66486 0.691939
1 0.199708 0.226347
1 0.152582 0.179056
1 0.125112 0.151445
1 0.225109 0.250063
1 0.1342 0.158977
1 0.166629 0.191196
1 0.135689 0.160042
1 0.137816 0.16175
1 0.121906 0.145189
1 0.155272 0.178103
1 0.120085 0.142477
1 0.248011 0.270144
1 0.322569 0.344545
1 0.314974 0.335373
1 0.308348 0.3287
1 0.341675 0.361124
2 0.187787 0.20628
1 0.14852 0.166943
1 0.143312 0.16155
1 0.179647 0.197624
1 0.162298 0.179993
1 0.480645 0.498136
2 0.130654 0.148042
1 0.160686 0.177793
1 0.139643 0.156563
1 0.596212 0.612989
1 0.141431 0.158037
1 0.16065 0.177217
1 0.136889 0.153066
2 0.174963 0.191043
1 0.132248 0.14814
1 0.138895 0.154702
1 0.176469 0.191819
1 0.135642 0.150751
1 0.216892 0.232
1 0.172364 0.187419
1 0.133157 0.148001
1 0.161814 0.176617
2 0.163999 0.178764
1 0.187986 0.202544
1 0.254648 0.268814
2 0.198285 0.212363
1 0.246715 0.260736
1 0.165626 0.179645
1 0.147547 0.161528
1 0.113313 0.126823
1 0.136533 0.149909
1 0.173402 0.18672
1 0.282805 0.296058
2 0.43239 0.445338
1 0.215403 0.228329
1 0.148741 0.161551
2 0.169657 0.182238
1 0.167206 0.179753
1 0.137112 0.149459
1 0.135389 0.147727
1 0.470336 0.482413
1 0.122263 0.134304
1 0.202544 0.21458
1 0.140945 0.152861
1 0.159844 0.171736
1 0.195383 0.207221
1 0.135026 0.146499
1 0.134215 0.145543
1 0.337143 0.348339
1 0.387045 0.398167
1 0.136978 0.14807
1 0.12593 0.137009
1 0.438286 0.449178
2 0.189405 0.200281
1 0.163886 0.174411
1 0.722704 0.733202
1 0.170854 0.181351
1 0.363887 0.37423
1 0.15798 0.168165
1 0.143205 0.153136
1 0.154726 0.16449
1 0.117333 0.127093
1 0.195884 0.205643
1 0.221825 0.231533
2 0.258517 0.268191
1 0.233225 0.242754
1 0.148055 0.157351
2 0.454223 0.463459
1 0.198684 0.20791
1 0.18374 0.19293
1 0.125857 0.135011
1 0.198832 0.20794
2 0.416119 0.42507
1 0.209083 0.217882
1 0.169344 0.17813
2 0.18086 0.189569
2 0.180893 0.189279
2 0.261834 0.270153
1 0.318766 0.327005
1 0.144238 0.152342
1 0.142516 0.150186
2 0.403784 0.411426
1 0.156187 0.163524
2 0.206881 0.214165
1 0.189565 0.196764
1 0.1055 0.112688
2 0.188532 0.195703
1 0.158097 0.165185
1 0.152947 0.159876
1 0.157479 0.164375
2 0.159991 0.166833
1 0.120453 0.127285
1 0.222098 0.228898
1 0.188519 0.195035
1 0.121759 0.128256
2 0.182738 0.189189
1 0.426852 0.433288
1 0.149423 0.155825
2 0.178231 0.184595
1 0.12442 0.130728
1 0.169168 0.175471
1 0.156377 0.162615
2 0.187673 0.193763
1 0.287067 0.29315
2 0.418352 0.424397
1 0.142761 0.148782
1 0.148045 0.154055
1 0.123111 0.129111
2 0.249931 0.255929
1 0.146256 0.152112
1 0.148378 0.154139
1 0.154792 0.160451
2 0.149628 0.155286
1 0.116899 0.122517
2 0.233646 0.239209
1 0.240512 0.246013
2 0.201637 0.207088
1 0.201459 0.206868
1 0.131266 0.136478
1 0.196159 0.201277
1 0.141754 0.146743
1 0.168471 0.173439
1 0.165539 0.170419
2 0.160578 0.165301
1 0.17578 0.180472
1 0.120463 0.124736
1 0.109732 0.113966
1 0.135491 0.139638
1 0.125944 0.130046
1 0.29408 0.298081
1 0.165502 0.169489
2 0.181085 0.185063
1 0.207471 0.211387
1 0.161714 0.16559
1 0.139623 0.143472
1 0.268588 0.272401
1 0.146643 0.150415
1 0.278951 0.282663
2 0.149833 0.15347
1 0.208534 0.212112
1 0.170286 0.173824
1 0.263084 0.266558
1 0.216092 0.219437
2 0.163539 0.16675
2 0.388963 0.392081
1 0.180506 0.18355
2 0.208448 0.211459
1 0.147063 0.150044
1 0.227411 0.230379
1 0.134947 0.137686
1 0.127577 0.130289
2 0.15973 0.162441
1 0.134075 0.136666
1 0.116255 0.118687
1 0.121747 0.124173
2 0.170989 0.173413
1 0.167798 0.170217
2 0.168896 0.171223
1 0.327821 0.330074
1 0.129408 0.131638
1 0.141377 0.143603
1 0.196703 0.19891
1 0.149396 0.151572
2 0.181017 0.183191
1 0.194827 0.196984
2 0.153292 0.155286
2 0.163386 0.165301
1 0.168424 0.170334
1 0.382393 0.384238
2 0.177793 0.179508
1 0.293343 0.294988
1 0.128709 0.130289
1 0.228688 0.230251
1 0.161981 0.163527
2 0.147875 0.149345
2 0.177369 0.178764
1 0.158793 0.160087
2 0.228392 0.229667
2 0.178103 0.179323
1 0.116026 0.117135
1 0.443707 0.44473
2 0.192588 0.1936
1 0.327103 0.328098
1 0.257871 0.258843
2 0.169549 0.170461
2 0.164383 0.16526
1 0.213377 0.214252
1 0.652452 0.65332
2 0.169549 0.170399
1 0.173604 0.174429
1 0.169125 0.169947
1 0.13942 0.140225
2 0.265716 0.266167
1 0.273336 0.273765
1 0.23391 0.234335
2 0.262221 0.262552
2 0.187354 0.187659
2 0.259366 0.25964
1 0.144007 0.144055
1 0.160315 0.160316
