0 0 inf
0 0 inf
0 0 inf
0 0 inf
0 0 inf
0 0 inf
0 0 inf
0 0 inf
0 0 inf
0 0 inf
0 0 inf
0 0 inf
0 0 inf
0 0 inf
0 0 inf
0 0 0.796591
0 0 0.761549
0 0 0.753287
0 0 0.730541
0 0 0.704326
0 0 0.686363
0 0 0.659632
0 0 0.616597
0 0 0.599043
0 0 0.594338
0 0 0.586294
0 0 0.572
0 0 0.562763
0 0 0.560968
0 0 0.554773
0 0 0.512187
0 0 0.505516
0 0 0.504461
0 0 0.502067
0 0 0.500624
0 0 0.499274
0 0 0.490754
0 0 0.483929
0 0 0.482561
0 0 0.479336
0 0 0.476609
0 0 0.465958
0 0 0.460015
0 0 0.458457
0 0 0.444864
0 0 0.430547
0 0 0.429888
0 0 0.427439
0 0 0.426324
0 0 0.422636
0 0 0.420485
0 0 0.413593
0 0 0.413176
0 0 0.411482
0 0 0.402301
0 0 0.396427
0 0 0.38638
0 0 0.386017
0 0 0.38518
0 0 0.379973
0 0 0.37925
0 0 0.378723
0 0 0.376134
0 0 0.370438
0 0 0.363858
0 0 0.363103
0 0 0.362984
0 0 0.35965
0 0 0.359014
0 0 0.353809
0 0 0.347338
0 0 0.345769
0 0 0.345432
0 0 0.344791
0 0 0.34093
0 0 0.337533
0 0 0.336815
0 0 0.335357
0 0 0.329702
0 0 0.327337
0 0 0.327146
0 0 0.325571
0 0 0.324396
0 0 0.324344
0 0 0.322769
0 0 0.320322
0 0 0.320005
0 0 0.31943
0 0 0.317866
0 0 0.317752
0 0 0.316856
0 0 0.316284
0 0 0.316137
0 0 0.314531
0 0 0.312048
0 0 0.308499
0 0 0.308375
0 0 0.307996
0 0 0.307532
0 0 0.305148
0 0 0.30347
0 0 0.302555
0 0 0.302131
0 0 0.29766
0 0 0.295257
0 0 0.294284
0 0 0.294257
0 0 0.292902
0 0 0.289547
0 0 0.289299
0 0 0.287844
0 0 0.287371
0 0 0.287278
0 0 0.280494
0 0 0.278804
0 0 0.278298
0 0 0.271884
0 0 0.270669
0 0 0.269967
0 0 0.267196
0 0 0.263098
0 0 0.262737
0 0 0.259066
0 0 0.257709
0 0 0.257647
0 0 0.257491
0 0 0.257026
0 0 0.254689
0 0 0.253227
0 0 0.25107
0 0 0.248002
0 0 0.246436
0 0 0.245274
0 0 0.245242
0 0 0.244641
0 0 0.243685
0 0 0.240256
0 0 0.236644
0 0 0.234627
0 0 0.232848
0 0 0.232109
0 0 0.229245
0 0 0.22886
0 0 0.228529
0 0 0.228412
0 0 0.227262
0 0 0.222201
0 0 0.221625
0 0 0.219673
0 0 0.217587
0 0 0.21753
0 0 0.217327
0 0 0.215932
0 0 0.213469
0 0 0.212053
0 0 0.211958
0 0 0.211498
0 0 0.210754
0 0 0.210505
0 0 0.20995
0 0 0.209815
0 0 0.209481
0 0 0.20924
0 0 0.209131
0 0 0.206946
0 0 0.206876
0 0 0.204359
0 0 0.203407
0 0 0.203186
0 0 0.202029
0 0 0.200677
0 0 0.198677
0 0 0.198291
0 0 0.196831
0 0 0.196488
0 0 0.195943
0 0 0.195518
0 0 0.193945
0 0 0.193145
0 0 0.192008
0 0 0.191824
0 0 0.19162
0 0 0.191351
0 0 0.19093
0 0 0.190395
0 0 0.190259
0 0 0.189881
0 0 0.18945
0 0 0.189302
0 0 0.188551
0 0 0.187968
0 0 0.187949
0 0 0.187922
0 0 0.187658
0 0 0.187548
0 0 0.186921
0 0 0.186865
0 0 0.182391
0 0 0.182264
0 0 0.181968
0 0 0.181676
0 0 0.179701
0 0 0.179545
0 0 0.179055
0 0 0.178776
0 0 0.178667
0 0 0.178307
0 0 0.177919
0 0 0.17707
0 0 0.176262
0 0 0.176255
0 0 0.176201
0 0 0.175878
0 0 0.174531
0 0 0.174425
0 0 0.173976
0 0 0.173633
0 0 0.173546
0 0 0.173453
0 0 0.172822
0 0 0.172744
0 0 0.172661
0 0 0.17202
0 0 0.170514
0 0 0.17021
0 0 0.169899
0 0 0.16962
0 0 0.169461
0 0 0.169209
0 0 0.167875
0 0 0.16762
0 0 0.166572
0 0 0.166476
0 0 0.166284
0 0 0.16627
0 0 0.166002
0 0 0.165412
0 0 0.16531
0 0 0.165159
0 0 0.165128
0 0 0.16373
0 0 0.163727
0 0 0.162117
0 0 0.162042
0 0 0.160473
0 0 0.159072
0 0 0.157849
0 0 0.157393
0 0 0.157209
0 0 0.156922
0 0 0.156073
0 0 0.155862
0 0 0.155379
0 0 0.154875
0 0 0.153545
0 0 0.152998
0 0 0.152911
0 0 0.152785
0 0 0.152387
0 0 0.152039
0 0 0.151636
0 0 0.151553
0 0 0.151384
0 0 0.150367
0 0 0.150319
0 0 0.150106
0 0 0.149766
0 0 0.149489
0 0 0.14932
0 0 0.149198
0 0 0.14585
0 0 0.144833
0 0 0.144481
0 0 0.144248
0 0 0.144139
0 0 0.142198
0 0 0.141871
0 0 0.14185
0 0 0.141556
0 0 0.140956
0 0 0.14005
0 0 0.13966
0 0 0.138764
0 0 0.137477
0 0 0.135272
0 0 0.135217
0 0 0.135177
0 0 0.135132
0 0 0.13473
0 0 0.134409
0 0 0.133198
0 0 0.133114
0 0 0.132177
0 0 0.131876
0 0 0.131505
0 0 0.131468
0 0 0.131248
0 0 0.131133
0 0 0.130912
0 0 0.130643
0 0 0.130387
0 0 0.130316
0 0 0.129524
0 0 0.128858
0 0 0.12869
0 0 0.128514
0 0 0.127098
0 0 0.126957
0 0 0.125262
0 0 0.125201
0 0 0.125034
0 0 0.12495
0 0 0.124293
0 0 0.123481
0 0 0.123424
0 0 0.123222
0 0 0.122422
0 0 0.122332
0 0 0.122211
0 0 0.122054
0 0 0.120736
0 0 0.120386
0 0 0.120263
0 0 0.120212
0 0 0.120023
0 0 0.120004
0 0 0.119974
0 0 0.119769
0 0 0.119627
0 0 0.119552
0 0 0.119452
0 0 0.118984
0 0 0.118784
0 0 0.11868
0 0 0.118624
0 0 0.118309
0 0 0.117975
0 0 0.117655
0 0 0.117413
0 0 0.116954
0 0 0.1165
0 0 0.116323
0 0 0.11627
0 0 0.115485
0 0 0.115366
0 0 0.115328
0 0 0.115077
0 0 0.114263
0 0 0.114179
0 0 0.113184
0 0 0.113152
0 0 0.113056
0 0 0.11293
0 0 0.112707
0 0 0.111887
0 0 0.11121
0 0 0.111125
0 0 0.110423
0 0 0.109851
0 0 0.109296
0 0 0.109138
0 0 0.108928
0 0 0.108864
0 0 0.108751
0 0 0.10837
0 0 0.107979
0 0 0.107945
0 0 0.107764
0 0 0.107213
0 0 0.106789
0 0 0.106165
0 0 0.105271
0 0 0.105207
0 0 0.10405
0 0 0.103967
0 0 0.103934
0 0 0.103762
0 0 0.103313
0 0 0.103306
0 0 0.103151
0 0 0.102966
0 0 0.102824
0 0 0.102346
0 0 0.100217
0 0 0.0987344
0 0 0.0986809
0 0 0.096107
0 0 0.0946322
0 0 0.0934481
0 0 0.0934373
0 0 0.0931486
0 0 0.0904902
0 0 0.0879379
0 0 0.0875473
0 0 0.0869167
0 0 0.0865452
0 0 0.0853312
0 0 0.0852413
0 0 0.0833748
0 0 0.0811662
1 0.420289 0.500708
1 0.350037 0.428242
1 0.43514 0.501007
1 0.505312 0.569662
1 0.347369 0.40765
1 0.455417 0.51546
1 0.447254 0.503023
1 0.495484 0.551007
1 0.583698 0.631083
1 0.439646 0.48525
1 0.219748 0.262161
1 0.199921 0.240227
1 0.524483 0.563622
1 0.283229 0.322056
1 0.218148 0.256862
1 0.327692 0.363592
1 0.434105 0.469671
1 0.175171 0.210535
1 0.153726 0.188882
1 0.448164 0.483227
1 0.138176 0.172553
1 0.494587 0.52693
1 0.223165 0.255348
1 0.31574 0.34687
1 0.113941 0.142779
1 0.322506 0.351326
1 0.196279 0.224987
1 0.200086 0.228287
1 0.422341 0.449395
1 0.244199 0.270862
1 0.398725 0.424884
1 0.227486 0.253216
1 0.188835 0.214383
1 0.210603 0.235581
1 0.200795 0.224934
1 0.182989 0.206557
2 0.23121 0.253781
2 0.254248 0.276438
1 0.409457 0.43162
1 0.280854 0.30292
1 0.47614 0.498196
1 0.138414 0.160393
1 0.267433 0.289375
1 0.287529 0.309289
1 0.370989 0.391928
1 0.373049 0.39355
1 0.314486 0.334397
1 0.21018 0.229669
1 0.300664 0.319545
1 0.125749 0.14411
1 0.164962 0.183132
1 0.118612 0.136504
1 0.617876 0.635421
2 0.247838 0.265124
1 0.202931 0.220062
1 0.195174 0.212154
1 0.186556 0.203497
1 0.132735 0.149289
1 0.380322 0.396742
1 0.178067 0.193748
1 0.196581 0.212058
1 0.14524 0.160087
1 0.121759 0.136526
1 0.134049 0.148295
1 0.291606 0.305336
1 0.115923 0.12954
1 0.411619 0.425141
1 0.176356 0.189853
1 0.1565 0.169974
1 0.23222 0.245693
1 0.145153 0.158603
1 0.200776 0.214213
1 0.118757 0.131976
1 0.164458 0.177521
1 0.174082 0.186893
1 0.235754 0.248405
1 0.155275 0.167899
1 0.162654 0.174891
1 0.219759 0.231821
1 0.24001 0.252015
1 0.53708 0.548306
1 0.207523 0.218686
1 0.154806 0.16575
1 0.267666 0.27861
1 0.224138 0.235052
1 0.138172 0.148993
1 0.38113 0.391928
1 0.709458 0.719957
1 0.233187 0.243607
1 0.199334 0.209642
1 0.172896 0.182987
1 0.18376 0.193733
1 0.172001 0.181812
1 0.246809 0.256603
2 0.149989 0.159661
1 0.121335 0.130878
1 0.1615 0.171041
1 0.126577 0.135876
2 0.146711 0.155979
1 0.226632 0.23584
1 0.153126 0.162317
1 0.202994 0.212022
1 0.163738 0.172744
1 0.135533 0.144427
1 0.144648 0.153263
1 0.133459 0.142014
1 0.167888 0.176103
1 0.178777 0.186804
1 0.125243 0.133214
2 0.160639 0.168606
1 0.25117 0.258996
1 0.266107 0.273722
1 0.127598 0.135128
1 0.127846 0.13531
1 0.129749 0.137108
2 0.191145 0.198465
1 0.137962 0.14508
1 0.155313 0.16231
2 0.258996 0.265971
2 0.132409 0.139377
1 0.136495 0.14329
1 0.268441 0.275076
1 0.208411 0.214953
1 0.230124 0.236621
1 0.192036 0.198464
1 0.133811 0.140141
1 0.218761 0.224987
1 0.157811 0.163968
1 0.178588 0.184686
1 0.163818 0.169915
1 0.137751 0.143794
1 0.27796 0.283782
1 0.15394 0.159532
1 0.155824 0.161355
1 0.36271 0.36814
1 0.149175 0.154508
1 0.120943 0.126139
2 0.195734 0.200628
1 0.134226 0.139073
2 0.244421 0.249238
1 0.141978 0.146774
1 0.150451 0.155222
1 0.215636 0.220271
2 0.171532 0.176083
1 0.131458 0.13592
1 0.140677 0.145122
1 0.361282 0.36569
1 0.131241 0.135622
1 0.213062 0.21731
1 0.317676 0.321859
2 0.19294 0.196997
2 0.371645 0.375681
2 0.153244 0.157236
1 0.14435 0.148282
1 0.12701 0.130878
1 0.138726 0.142494
1 0.155658 0.159388
2 0.413937 0.417645
1 0.213033 0.216666
1 0.136658 0.140141
2 0.147313 0.150748
1 0.231366 0.23479
1 0.136326 0.139518
1 0.520654 0.523827
2 0.241814 0.244895
1 0.158196 0.161186
1 0.37683 0.379777
1 0.447419 0.45036
2 0.173302 0.176179
1 0.229514 0.232371
2 0.244102 0.246948
1 0.216301 0.219085
2 0.319545 0.322296
1 0.151134 0.15377
1 0.460817 0.463359
2 0.195196 0.197685
2 0.144894 0.147357
1 0.165231 0.167641
2 0.215308 0.21768
1 0.242004 0.244352
2 0.168089 0.170382
1 0.193471 0.195662
1 0.171914 0.173971
2 0.209489 0.211512
1 0.14627 0.148282
2 0.152518 0.154508
2 0.156699 0.158634
1 0.240243 0.2417
1 0.200486 0.201942
2 0.148993 0.150439
1 0.155438 0.156872
1 0.207139 0.208568
1 0.143147 0.14456
1 0.211718 0.213091
2 0.195484 0.196817
2 0.145862 0.147159
1 0.227282 0.228543
1 0.291534 0.292704
1 0.178725 0.17986
1 0.16629 0.167335
1 0.135273 0.136053
2 0.214539 0.215296
1 0.158699 0.159407
1 0.156878 0.157535
1 0.119177 0.11973
2 0.508735 0.509284
2 0.23797 0.238375
1 0.182641 0.182937
1 0.255757 0.255966
1 0.136875 0.137001
1 0.161514 0.161603
1 0.135247 0.135301
