1 0.72173 inf
0 0 inf
0 0 inf
0 0 inf
0 0 inf
0 0 inf
0 0 inf
0 0 inf
0 0 inf
0 0 0.766424
0 0 0.754494
0 0 0.744034
0 0 0.721225
0 0 0.703331
0 0 0.667287
0 0 0.661824
0 0 0.656676
0 0 0.649341
0 0 0.635682
0 0 0.597865
0 0 0.59307
0 0 0.581578
0 0 0.544206
0 0 0.539348
0 0 0.538705
0 0 0.529136
0 0 0.525833
0 0 0.52375
0 0 0.497691
0 0 0.497409
0 0 0.488676
0 0 0.488548
0 0 0.448082
0 0 0.447553
0 0 0.439977
0 0 0.424758
0 0 0.397917
0 0 0.397481
0 0 0.389175
0 0 0.388949
0 0 0.38831
0 0 0.385364
0 0 0.37961
0 0 0.379235
0 0 0.378217
0 0 0.376184
0 0 0.374744
0 0 0.371565
0 0 0.370441
0 0 0.368869
0 0 0.365365
0 0 0.360286
0 0 0.360201
0 0 0.356295
0 0 0.352521
0 0 0.351198
0 0 0.350705
0 0 0.344582
0 0 0.342632
0 0 0.342293
0 0 0.341462
0 0 0.340142
0 0 0.337525
0 0 0.329365
0 0 0.328994
0 0 0.328721
0 0 0.327454
0 0 0.326724
0 0 0.325691
0 0 0.325168
0 0 0.323177
0 0 0.321025
0 0 0.320104
0 0 0.319569
0 0 0.31794
0 0 0.314146
0 0 0.308757
0 0 0.303525
0 0 0.303396
0 0 0.303162
0 0 0.301946
0 0 0.30109
0 0 0.299808
0 0 0.295935
0 0 0.295892
0 0 0.295113
0 0 0.293973
0 0 0.293442
0 0 0.292394
0 0 0.291165
0 0 0.290615
0 0 0.290232
0 0 0.288296
0 0 0.287128
0 0 0.280565
0 0 0.279982
0 0 0.278282
0 0 0.272034
0 0 0.270618
0 0 0.27041
0 0 0.270247
0 0 0.266879
0 0 0.265275
0 0 0.256953
0 0 0.256257
0 0 0.256028
0 0 0.255546
0 0 0.253793
0 0 0.253605
0 0 0.251107
0 0 0.247364
0 0 0.246458
0 0 0.244247
0 0 0.242501
0 0 0.240448
0 0 0.239486
0 0 0.23728
0 0 0.23712
0 0 0.236177
0 0 0.234711
0 0 0.23451
0 0 0.234169
0 0 0.233471
0 0 0.231824
0 0 0.228463
0 0 0.228336
0 0 0.2282
0 0 0.225212
0 0 0.225044
0 0 0.223134
0 0 0.222143
0 0 0.221415
0 0 0.221119
0 0 0.219653
0 0 0.219106
0 0 0.218683
0 0 0.217121
0 0 0.215704
0 0 0.21555
0 0 0.214423
0 0 0.214252
0 0 0.21374
0 0 0.213449
0 0 0.212429
0 0 0.211619
0 0 0.210711
0 0 0.209727
0 0 0.208671
0 0 0.208075
0 0 0.207338
0 0 0.207111
0 0 0.207033
0 0 0.206983
0 0 0.206962
0 0 0.206809
0 0 0.205628
0 0 0.205539
0 0 0.205341
0 0 0.204104
0 0 0.204018
0 0 0.203167
0 0 0.202092
0 0 0.201901
0 0 0.201329
0 0 0.200503
0 0 0.200352
0 0 0.200293
0 0 0.199783
0 0 0.199028
0 0 0.195502
0 0 0.195333
0 0 0.19532
0 0 0.194953
0 0 0.192923
0 0 0.192457
0 0 0.188662
0 0 0.187146
0 0 0.187023
0 0 0.184172
0 0 0.183849
0 0 0.183289
0 0 0.180375
0 0 0.179368
0 0 0.179276
0 0 0.178995
0 0 0.178796
0 0 0.178777
0 0 0.177896
0 0 0.177525
0 0 0.17749
0 0 0.177449
0 0 0.176488
0 0 0.176063
0 0 0.17577
0 0 0.175593
0 0 0.174753
0 0 0.174415
0 0 0.173762
0 0 0.172572
0 0 0.171019
0 0 0.170521
0 0 0.169195
0 0 0.167336
0 0 0.167174
0 0 0.166923
0 0 0.166412
0 0 0.164351
0 0 0.164104
0 0 0.164098
0 0 0.163684
0 0 0.16314
0 0 0.162928
0 0 0.162305
0 0 0.161978
0 0 0.161077
0 0 0.159791
0 0 0.157633
0 0 0.15739
1 0.507985 0.664856
0 0 0.154738
0 0 0.154228
0 0 0.153415
0 0 0.15335
0 0 0.152949
0 0 0.152494
0 0 0.152484
0 0 0.152189
0 0 0.151921
1 0.417313 0.568262
0 0 0.150836
0 0 0.149573
0 0 0.148996
0 0 0.148668
0 0 0.148366
0 0 0.148121
0 0 0.14762
0 0 0.147031
0 0 0.146765
0 0 0.146357
0 0 0.146213
0 0 0.146184
0 0 0.145748
0 0 0.144759
0 0 0.144389
0 0 0.143576
0 0 0.143498
0 0 0.142833
0 0 0.142437
0 0 0.141746
0 0 0.141535
0 0 0.141448
0 0 0.141324
0 0 0.141092
0 0 0.140676
0 0 0.140477
0 0 0.139912
0 0 0.138953
0 0 0.138226
0 0 0.138127
0 0 0.137856
0 0 0.137463
0 0 0.137455
0 0 0.136822
0 0 0.136432
0 0 0.136294
0 0 0.136037
0 0 0.135638
0 0 0.135552
0 0 0.135482
0 0 0.135178
0 0 0.134831
0 0 0.134615
0 0 0.134598
0 0 0.134119
0 0 0.133825
0 0 0.133539
0 0 0.133155
0 0 0.132878
0 0 0.132212
0 0 0.131334
0 0 0.12984
0 0 0.128994
0 0 0.128953
0 0 0.128712
0 0 0.128188
0 0 0.126633
0 0 0.125537
0 0 0.123856
0 0 0.123788
0 0 0.123761
0 0 0.123307
0 0 0.122386
0 0 0.122265
0 0 0.121183
0 0 0.120998
0 0 0.120839
0 0 0.120224
0 0 0.119555
0 0 0.119355
0 0 0.119044
0 0 0.118941
0 0 0.117431
0 0 0.117205
0 0 0.117058
0 0 0.117016
0 0 0.116278
0 0 0.115706
0 0 0.115596
0 0 0.114833
0 0 0.114443
0 0 0.114345
0 0 0.114111
0 0 0.114103
0 0 0.113082
0 0 0.113048
0 0 0.11298
0 0 0.112876
0 0 0.112414
0 0 0.112163
0 0 0.112097
0 0 0.111358
0 0 0.110561
0 0 0.110543
0 0 0.110359
0 0 0.110246
0 0 0.110018
0 0 0.109732
0 0 0.109608
0 0 0.108682
0 0 0.108614
0 0 0.108591
0 0 0.108424
0 0 0.108353
0 0 0.108186
0 0 0.10816
0 0 0.107887
0 0 0.107887
0 0 0.107809
0 0 0.107372
0 0 0.106612
0 0 0.106356
0 0 0.106314
0 0 0.106229
0 0 0.105702
0 0 0.105383
0 0 0.105013
0 0 0.105008
0 0 0.104421
0 0 0.104044
0 0 0.104036
0 0 0.104008
0 0 0.103088
0 0 0.102289
0 0 0.101982
0 0 0.101966
0 0 0.101562
0 0 0.100751
0 0 0.100129
0 0 0.10003
0 0 0.0995775
0 0 0.099368
0 0 0.0993564
0 0 0.0990216
0 0 0.0978454
0 0 0.0976359
0 0 0.0975959
0 0 0.0975781
0 0 0.0963973
0 0 0.0963724
0 0 0.0959724
0 0 0.0952558
0 0 0.094795
0 0 0.0944115
0 0 0.0941903
0 0 0.0939452
0 0 0.0936348
0 0 0.0931834
0 0 0.0920841
0 0 0.0918274
0 0 0.0914967
0 0 0.0912387
0 0 0.0911767
0 0 0.0908291
0 0 0.0903789
0 0 0.0885567
0 0 0.0874887
0 0 0.0872445
0 0 0.0868348
0 0 0.0868298
0 0 0.0866122
0 0 0.0865422
0 0 0.0858512
0 0 0.0849135
0 0 0.0847199
1 0.280036 0.364029
0 0 0.0818577
0 0 0.081115
0 0 0.0808312
0 0 0.0794351
0 0 0.0784784
0 0 0.074275
0 0 0.0718612
0 0 0.071599
1 0.361937 0.432785
1 0.527489 0.597692
1 0.403377 0.473404
0 0 0.0660164
1 0.374019 0.43714
1 0.357828 0.41577
1 0.165018 0.208092
1 0.216249 0.255989
1 0.219552 0.258552
1 0.280855 0.317094
1 0.275138 0.308693
1 0.280641 0.31199
1 0.252656 0.283907
1 0.402269 0.432923
1 0.178677 0.209089
1 0.344963 0.373742
1 0.360453 0.388773
1 0.22285 0.250943
1 0.143175 0.170667
1 0.108704 0.134984
1 0.24333 0.268769
1 0.221219 0.24626
1 0.192674 0.216675
1 0.262615 0.286572
1 0.453272 0.47712
1 0.223777 0.24757
1 0.228405 0.251987
1 0.273452 0.295875
1 0.301377 0.323771
1 0.108721 0.129791
1 0.181227 0.202231
1 0.273235 0.293731
1 0.365652 0.385779
1 0.564437 0.584405
1 0.160482 0.180402
1 0.391057 0.410784
1 0.253706 0.273289
1 0.109215 0.128411
2 0.602122 0.621071
1 0.136613 0.155403
1 0.228953 0.247255
1 0.115857 0.133648
1 0.111914 0.129502
1 0.195589 0.212547
1 0.157964 0.173917
1 0.119094 0.135011
1 0.211614 0.22707
1 0.114945 0.130211
1 0.141019 0.156237
1 0.128225 0.143312
1 0.303253 0.318138
1 0.232941 0.247587
1 0.188009 0.202313
1 0.567393 0.581613
1 0.180815 0.19493
1 0.114975 0.128405
1 0.111649 0.124757
1 0.1571 0.169758
1 0.121995 0.134497
1 0.125496 0.137797
1 0.128608 0.140876
1 0.121338 0.133557
1 0.0918204 0.103791
1 0.118313 0.129791
1 0.137494 0.148516
1 0.217443 0.228249
1 0.119896 0.130598
1 0.155097 0.16571
1 0.115353 0.125878
1 0.164364 0.174865
1 0.359603 0.369983
1 0.260372 0.270746
1 0.335221 0.345583
1 0.389062 0.399159
2 0.352446 0.36237
1 0.262009 0.271928
1 0.235701 0.245425
1 0.248993 0.258576
1 0.127784 0.137267
1 0.0968669 0.106205
1 0.160784 0.169904
1 0.377492 0.386512
1 0.148607 0.15761
1 0.171754 0.180698
2 0.287757 0.296657
1 0.11597 0.124861
1 0.285891 0.294515
1 0.164447 0.173064
1 0.188287 0.196706
1 0.220194 0.228477
2 0.143526 0.151773
1 0.116907 0.124974
1 0.142985 0.151002
1 0.137281 0.145229
1 0.116414 0.124355
2 0.13764 0.14535
1 0.143776 0.151397
1 0.466431 0.473929
1 0.126694 0.134145
1 0.22688 0.23431
1 0.119326 0.126753
1 0.175302 0.182694
1 0.122859 0.130211
1 0.119363 0.126705
1 0.282841 0.289922
1 0.346963 0.353935
1 0.169765 0.176672
1 0.121375 0.128259
2 0.145163 0.15198
1 0.140927 0.147482
1 0.145543 0.152008
1 0.0973084 0.103753
1 0.122804 0.129221
1 0.215965 0.222255
2 0.14879 0.154926
1 0.214774 0.220462
2 0.143764 0.149438
1 0.134703 0.140329
2 0.139828 0.145379
1 0.134132 0.139528
1 0.318501 0.323771
2 0.149115 0.154367
2 0.161502 0.166752
1 0.116298 0.121473
1 0.205155 0.210301
1 0.130989 0.136124
1 0.234341 0.239403
1 0.145064 0.150072
1 0.215618 0.220612
2 0.157554 0.162505
1 0.102773 0.107712
1 0.40011 0.404992
2 0.136637 0.14145
1 0.120195 0.124955
1 0.0975588 0.102292
1 0.192791 0.1975
1 0.169292 0.173881
1 0.155828 0.160323
1 0.153922 0.158388
1 0.122335 0.126753
1 0.1141 0.118479
2 0.173512 0.177874
1 0.0954158 0.0997056
1 0.159457 0.163743
1 0.125485 0.129685
1 0.200314 0.204422
1 0.233394 0.237408
1 0.1116 0.115513
2 0.288745 0.292655
1 0.122743 0.126594
1 0.247534 0.251368
1 0.0914062 0.0952117
2 0.13323 0.136998
1 0.152655 0.156353
1 0.244859 0.248538
2 0.355005 0.358505
1 0.0880494 0.0915056
1 0.182085 0.185463
1 0.187341 0.190651
2 0.162582 0.165887
1 0.141373 0.144618
1 0.121072 0.124213
1 0.342702 0.345784
2 0.137417 0.140495
2 0.227517 0.230559
1 0.103151 0.106099
1 0.123152 0.126099
2 0.12741 0.130324
1 0.470945 0.473721
1 0.125661 0.128405
1 0.130362 0.133019
1 0.12231 0.124936
2 0.106453 0.109053
2 0.14093 0.143526
2 0.150671 0.153181
1 0.123199 0.125688
1 0.1605 0.162974
1 0.0983226 0.100718
1 0.378125 0.380491
1 0.145137 0.147482
1 0.152188 0.154462
1 0.122062 0.124313
1 0.128976 0.131152
1 0.133691 0.135849
2 0.137966 0.140021
1 0.173547 0.1756
1 0.344427 0.346462
2 0.134071 0.136104
1 0.10785 0.10988
1 0.151435 0.153415
1 0.124249 0.126099
2 0.338747 0.340559
1 0.121337 0.123137
1 0.124732 0.126524
2 0.178379 0.180086
1 0.158666 0.160323
2 0.456908 0.458474
1 0.140253 0.141803
1 0.250303 0.251729
1 0.189126 0.190522
2 0.142006 0.143391
1 0.122473 0.123759
1 0.339005 0.340278
2 0.148523 0.149742
1 0.12609 0.127293
2 0.160721 0.161912
1 0.122308 0.123491
1 0.15224 0.153413
2 0.263749 0.264879
1 0.159434 0.160503
1 0.205704 0.206771
2 0.140732 0.14172
1 0.131386 0.132322
2 0.23344 0.23436
2 0.137463 0.138333
1 0.122622 0.123491
1 0.129693 0.130538
1 0.34094 0.341777
2 0.157193 0.158002
1 0.254059 0.254856
1 0.12259 0.123383
2 0.142216 0.142947
2 0.142254 0.142947
1 0.139164 0.139828
2 0.138651 0.139272
1 0.225902 0.226522
1 0.112602 0.113212
2 0.147952 0.148559
2 0.17676 0.17736
1 0.213062 0.213646
1 0.132457 0.133023
2 0.158729 0.159289
2 0.152442 0.152982
1 0.12979 0.130324
2 0.165446 0.165887
2 0.177957 0.178385
2 0.142149 0.142561
1 0.15456 0.154831
2 0.142006 0.142254
2 0.26464 0.264879
1 0.145999 0.146205
2 0.145547 0.145738
2 0.152474 0.152646
1 0.171122 0.171231
1 0.153311 0.153415
1 0.175098 0.175133
2 0.140089 0.140105
2 0.224321 0.224335
