0 0 inf
0 0 inf
0 0 inf
0 0 inf
0 0 inf
0 0 inf
0 0 inf
0 0 inf
0 0 inf
1 0.791864 inf
0 0 inf
0 0 inf
0 0 inf
0 0 inf
0 0 inf
0 0 inf
0 0 inf
0 0 inf
0 0 inf
1 0.746716 inf
1 0.745282 inf
1 0.73595 inf
1 0.724604 inf
0 0 inf
0 0 inf
0 0 inf
0 0 inf
0 0 inf
0 0 inf
0 0 inf
0 0 inf
0 0 inf
0 0 inf
0 0 inf
0 0 inf
0 0 0.759277
0 0 0.747425
0 0 0.745815
0 0 0.723723
0 0 0.705156
0 0 0.704256
0 0 0.701383
0 0 0.698469
0 0 0.694508
0 0 0.686758
0 0 0.686014
0 0 0.682301
0 0 0.68061
0 0 0.675119
0 0 0.67359
0 0 0.664724
0 0 0.661942
0 0 0.661847
0 0 0.660574
0 0 0.654861
0 0 0.654228
0 0 0.652062
0 0 0.646523
0 0 0.644806
0 0 0.642158
0 0 0.640915
0 0 0.632436
0 0 0.630446
0 0 0.62108
0 0 0.617236
0 0 0.613638
0 0 0.600996
0 0 0.583426
0 0 0.577308
0 0 0.573752
0 0 0.563168
0 0 0.554165
0 0 0.551876
0 0 0.54773
0 0 0.546378
0 0 0.546266
0 0 0.545687
0 0 0.544135
0 0 0.540856
0 0 0.538182
0 0 0.536743
0 0 0.535941
0 0 0.531956
0 0 0.520891
0 0 0.515846
0 0 0.514961
0 0 0.512233
0 0 0.511987
0 0 0.50684
0 0 0.502539
0 0 0.498005
0 0 0.497206
0 0 0.496137
0 0 0.495063
0 0 0.490295
0 0 0.488167
0 0 0.487884
0 0 0.487655
0 0 0.485221
0 0 0.483476
0 0 0.48024
0 0 0.475747
0 0 0.468502
0 0 0.468072
0 0 0.465834
0 0 0.463464
0 0 0.463451
0 0 0.461835
0 0 0.458505
0 0 0.457578
0 0 0.457298
0 0 0.456471
0 0 0.455035
0 0 0.450921
0 0 0.450806
0 0 0.450493
0 0 0.448631
0 0 0.446737
0 0 0.446733
0 0 0.444937
0 0 0.444672
0 0 0.44364
0 0 0.443401
0 0 0.442806
0 0 0.441653
0 0 0.438823
0 0 0.43553
0 0 0.434979
0 0 0.433594
0 0 0.433472
0 0 0.433319
0 0 0.4329
0 0 0.430405
0 0 0.430336
0 0 0.428678
0 0 0.42741
0 0 0.426706
0 0 0.420885
0 0 0.420585
0 0 0.420548
0 0 0.418414
0 0 0.41704
0 0 0.416461
0 0 0.416208
0 0 0.415188
0 0 0.409868
0 0 0.409695
0 0 0.409452
0 0 0.40938
0 0 0.409012
0 0 0.408412
0 0 0.407148
0 0 0.405809
0 0 0.404812
0 0 0.403543
0 0 0.402473
0 0 0.401481
0 0 0.400005
0 0 0.39948
0 0 0.399429
0 0 0.397919
0 0 0.397876
0 0 0.395593
0 0 0.395293
0 0 0.391736
0 0 0.39146
0 0 0.389323
0 0 0.389067
0 0 0.385582
0 0 0.385034
0 0 0.383564
0 0 0.383066
0 0 0.380889
0 0 0.376166
0 0 0.376033
0 0 0.371731
0 0 0.371394
0 0 0.369821
0 0 0.366512
0 0 0.364738
0 0 0.361443
0 0 0.360708
0 0 0.355506
0 0 0.35547
0 0 0.354913
0 0 0.350757
0 0 0.349383
0 0 0.348866
0 0 0.347815
0 0 0.347175
0 0 0.346932
0 0 0.346011
0 0 0.344916
0 0 0.343512
0 0 0.341946
0 0 0.34133
0 0 0.340566
0 0 0.339681
0 0 0.339179
0 0 0.33839
0 0 0.338274
0 0 0.337977
0 0 0.336474
0 0 0.335408
0 0 0.335315
0 0 0.334724
0 0 0.334479
0 0 0.333361
0 0 0.331467
0 0 0.330263
0 0 0.328278
0 0 0.3282
0 0 0.322559
0 0 0.321854
0 0 0.31919
0 0 0.319141
0 0 0.318648
0 0 0.318561
0 0 0.317549
0 0 0.317536
0 0 0.313201
0 0 0.310769
0 0 0.309928
0 0 0.308105
0 0 0.307404
0 0 0.30719
0 0 0.307043
0 0 0.305124
0 0 0.303751
0 0 0.30213
0 0 0.301874
0 0 0.301137
0 0 0.299493
0 0 0.299026
0 0 0.298611
0 0 0.297498
0 0 0.296586
0 0 0.296155
0 0 0.295714
0 0 0.295117
0 0 0.294516
0 0 0.293086
0 0 0.292156
0 0 0.291675
0 0 0.291226
0 0 0.290881
0 0 0.289897
0 0 0.289693
0 0 0.288885
0 0 0.288872
0 0 0.286836
0 0 0.285704
0 0 0.285695
0 0 0.285469
0 0 0.285439
0 0 0.284748
0 0 0.283958
0 0 0.283838
0 0 0.283388
0 0 0.282508
0 0 0.281691
0 0 0.278051
0 0 0.277228
0 0 0.276595
0 0 0.276402
0 0 0.276236
0 0 0.275486
0 0 0.274551
0 0 0.273219
0 0 0.273116
0 0 0.272313
0 0 0.27197
0 0 0.271698
0 0 0.27119
0 0 0.270747
0 0 0.269687
0 0 0.26827
0 0 0.268148
0 0 0.267261
0 0 0.267015
0 0 0.266531
0 0 0.265705
0 0 0.264412
0 0 0.264174
0 0 0.263576
0 0 0.26319
0 0 0.262393
0 0 0.262054
0 0 0.261358
0 0 0.261022
0 0 0.259304
0 0 0.258937
0 0 0.25681
0 0 0.256488
0 0 0.256481
0 0 0.256242
0 0 0.256103
0 0 0.255676
0 0 0.255173
0 0 0.254644
0 0 0.254044
0 0 0.253511
0 0 0.253183
0 0 0.253003
0 0 0.252963
0 0 0.252109
0 0 0.251623
0 0 0.251591
0 0 0.250772
0 0 0.250711
0 0 0.250429
0 0 0.249753
0 0 0.249635
0 0 0.248659
0 0 0.246814
0 0 0.246739
0 0 0.244051
0 0 0.242426
0 0 0.240858
0 0 0.240679
0 0 0.240668
0 0 0.240371
0 0 0.237712
0 0 0.236305
0 0 0.234699
0 0 0.231965
0 0 0.231677
0 0 0.229953
0 0 0.228985
0 0 0.228728
0 0 0.228286
0 0 0.227076
0 0 0.226577
0 0 0.226296
0 0 0.226273
0 0 0.226113
0 0 0.225869
0 0 0.225629
0 0 0.224522
0 0 0.222109
0 0 0.220829
0 0 0.218896
0 0 0.218462
0 0 0.218252
0 0 0.217933
0 0 0.216983
0 0 0.214977
0 0 0.213883
0 0 0.213778
0 0 0.213192
0 0 0.211938
0 0 0.211852
0 0 0.210888
0 0 0.20996
0 0 0.208182
0 0 0.2076
0 0 0.20724
0 0 0.206527
0 0 0.205686
0 0 0.202386
0 0 0.202123
0 0 0.201038
0 0 0.200752
0 0 0.198132
0 0 0.196606
0 0 0.195935
0 0 0.195522
0 0 0.190997
0 0 0.190213
0 0 0.190035
0 0 0.18761
0 0 0.187601
0 0 0.184759
0 0 0.183855
0 0 0.18296
0 0 0.178525
0 0 0.177325
0 0 0.177095
0 0 0.1765
0 0 0.176341
0 0 0.175433
0 0 0.173013
0 0 0.168773
0 0 0.166212
0 0 0.16604
0 0 0.16451
0 0 0.164463
0 0 0.163903
0 0 0.163313
0 0 0.162295
0 0 0.160563
0 0 0.159442
0 0 0.158937
0 0 0.158213
0 0 0.155686
0 0 0.150807
0 0 0.149479
0 0 0.14592
0 0 0.145588
0 0 0.144844
0 0 0.144513
0 0 0.143073
0 0 0.141743
0 0 0.136063
0 0 0.128026
1 0.433399 0.557657
1 0.505816 0.62066
1 0.438105 0.541396
1 0.409604 0.499185
1 0.499693 0.587304
1 0.584802 0.672103
1 0.49379 0.579806
1 0.361218 0.442551
1 0.354287 0.433643
1 0.371772 0.450444
1 0.519428 0.597994
1 0.356881 0.435362
1 0.637642 0.714078
1 0.519529 0.594621
1 0.300223 0.370884
1 0.326962 0.395293
1 0.327628 0.394979
1 0.28101 0.345182
1 0.412831 0.473211
1 0.343042 0.403023
1 0.551 0.609172
1 0.38835 0.444099
2 0.608646 0.664285
1 0.5554 0.609172
1 0.321407 0.374667
1 0.527092 0.577181
1 0.485884 0.533339
1 0.393682 0.440196
1 0.331054 0.376219
1 0.478836 0.523998
1 0.308551 0.353338
1 0.532516 0.577181
1 0.402909 0.447465
1 0.394158 0.43819
1 0.280556 0.324102
1 0.319886 0.363409
1 0.585109 0.628007
1 0.319628 0.362288
1 0.489367 0.531971
1 0.269255 0.31098
1 0.321347 0.361991
1 0.311179 0.351318
1 0.70052 0.739855
1 0.22992 0.268427
1 0.575659 0.6136
1 0.521616 0.559512
1 0.362608 0.399882
1 0.375094 0.412239
1 0.405269 0.440795
1 0.602897 0.637362
1 0.442898 0.477285
1 0.382145 0.415793
1 0.262417 0.295819
1 0.706544 0.739713
1 0.346278 0.379383
1 0.272571 0.305478
1 0.494182 0.527033
2 0.372205 0.404854
1 0.447175 0.47982
1 0.591673 0.624244
1 0.253289 0.285554
1 0.350455 0.382006
1 0.401784 0.433062
1 0.490989 0.521202
1 0.337924 0.368
1 0.444995 0.474966
1 0.529321 0.558948
1 0.341034 0.369798
1 0.403233 0.431989
1 0.569035 0.59697
1 0.296685 0.324532
1 0.376384 0.404189
1 0.338387 0.366111
1 0.482497 0.510166
1 0.302804 0.329714
1 0.37989 0.406558
2 0.625522 0.651484
1 0.438532 0.463868
2 0.465285 0.490396
1 0.271475 0.296351
2 0.738661 0.763485
2 0.405108 0.429703
2 0.38637 0.410922
1 0.303111 0.327319
1 0.497247 0.521093
2 0.366111 0.38934
1 0.386441 0.409656
1 0.262264 0.28529
1 0.632745 0.655703
1 0.594144 0.617027
1 0.338425 0.36094
1 0.275975 0.297873
2 0.413612 0.435115
1 0.444021 0.465418
1 0.346171 0.367423
1 0.317248 0.33804
1 0.246914 0.267298
2 0.452579 0.472514
1 0.216781 0.235516
1 0.545508 0.563825
1 0.318904 0.33722
1 0.636495 0.653582
1 0.564583 0.580891
2 0.376176 0.392345
1 0.264628 0.2805
1 0.375291 0.390991
2 0.263144 0.278232
2 0.455292 0.47031
1 0.302292 0.317065
1 0.50625 0.520889
1 0.42593 0.440424
1 0.425107 0.439468
2 0.355256 0.369556
1 0.410197 0.42445
1 0.570344 0.584494
2 0.599494 0.613484
1 0.257175 0.271041
1 0.454917 0.468713
1 0.77857 0.792023
2 0.422314 0.435677
1 0.353104 0.366214
1 0.283349 0.296416
1 0.40543 0.418388
1 0.389099 0.401878
1 0.255276 0.268026
1 0.371575 0.384243
1 0.24463 0.257
1 0.221036 0.23336
1 0.323313 0.335618
2 0.437236 0.449399
1 0.570957 0.583083
1 0.195504 0.207529
2 0.459523 0.471542
1 0.222569 0.234372
2 0.74446 0.756256
2 0.376539 0.388271
2 0.285554 0.297025
1 0.461922 0.473365
2 0.485481 0.496848
1 0.342974 0.35426
2 0.296416 0.307462
1 0.394155 0.405179
1 0.261366 0.272385
2 0.382354 0.393214
1 0.360258 0.370837
2 0.601386 0.611943
2 0.483451 0.493975
2 0.34591 0.35632
1 0.595731 0.605815
2 0.412165 0.422101
2 0.463065 0.472916
1 0.259455 0.268948
1 0.575731 0.585204
1 0.372388 0.38185
1 0.228199 0.237607
2 0.421362 0.430744
2 0.499185 0.508424
1 0.336092 0.345277
1 0.293497 0.302578
1 0.20263 0.211698
1 0.446468 0.455357
2 0.298344 0.307227
1 0.292852 0.301256
1 0.513939 0.522335
1 0.36696 0.375178
1 0.201999 0.210171
1 0.267852 0.275851
1 0.334496 0.342452
1 0.304701 0.312545
1 0.301535 0.309308
1 0.494721 0.50217
1 0.270103 0.277448
1 0.510967 0.517939
1 0.289811 0.296416
2 0.270553 0.277113
2 0.485684 0.492237
2 0.742253 0.748582
1 0.50722 0.513538
1 0.471409 0.477625
1 0.411097 0.417295
1 0.278655 0.284744
1 0.165333 0.171418
1 0.218315 0.224393
1 0.261594 0.26766
1 0.423211 0.429253
2 0.399519 0.405495
1 0.306697 0.312545
1 0.617719 0.623537
1 0.165812 0.171418
2 0.430082 0.435677
1 0.306903 0.312488
2 0.343088 0.348589
1 0.427391 0.432869
1 0.452451 0.457894
2 0.536368 0.541767
2 0.357216 0.362509
1 0.369706 0.374936
1 0.493488 0.498615
1 0.28901 0.293969
1 0.598324 0.60326
1 0.464387 0.469278
2 0.540432 0.545314
1 0.246435 0.251288
1 0.460597 0.465285
2 0.625522 0.63015
1 0.274917 0.279436
1 0.345017 0.349405
1 0.328573 0.332941
1 0.279998 0.284124
2 0.36252 0.366639
2 0.31098 0.314729
2 0.359524 0.363233
1 0.276991 0.280625
2 0.675948 0.679536
1 0.394854 0.398315
1 0.293209 0.29658
2 0.690845 0.694056
2 0.427769 0.43097
2 0.534285 0.537359
1 0.209895 0.212882
1 0.305026 0.307834
2 0.742796 0.745531
1 0.395459 0.398138
1 0.649176 0.651709
2 0.470245 0.472734
1 0.331151 0.33327
1 0.36641 0.368464
1 0.286295 0.288277
1 0.198323 0.200247
1 0.449125 0.45099
2 0.366636 0.368159
2 0.432165 0.433561
1 0.647309 0.648607
2 0.495394 0.496593
2 0.387248 0.388271
1 0.266068 0.267043
2 0.321917 0.322604
2 0.229562 0.230177
1 0.244383 0.244921
1 0.288259 0.288577
