1 0.785875 inf
1 0.784649 inf
1 0.782996 inf
0 0 inf
0 0 inf
0 0 inf
0 0 inf
0 0 inf
0 0 inf
0 0 inf
0 0 0.760215
0 0 0.758593
0 0 0.749297
0 0 0.717823
0 0 0.685462
0 0 0.684236
0 0 0.648275
0 0 0.647856
0 0 0.645111
0 0 0.629828
0 0 0.62541
0 0 0.615007
0 0 0.586296
0 0 0.56455
0 0 0.542503
0 0 0.527278
0 0 0.522926
0 0 0.514076
0 0 0.513576
0 0 0.51197
0 0 0.493473
0 0 0.491535
0 0 0.481935
0 0 0.475191
0 0 0.472316
0 0 0.469132
0 0 0.445415
0 0 0.443969
0 0 0.441675
0 0 0.435
0 0 0.433479
0 0 0.43328
0 0 0.433135
0 0 0.428488
0 0 0.42788
0 0 0.415434
0 0 0.4041
0 0 0.401918
0 0 0.388517
0 0 0.378232
0 0 0.373868
0 0 0.36367
0 0 0.353965
0 0 0.352928
0 0 0.350167
0 0 0.349532
0 0 0.346584
0 0 0.33669
0 0 0.333357
0 0 0.332724
0 0 0.327675
0 0 0.324266
0 0 0.319421
0 0 0.319308
0 0 0.31811
0 0 0.308201
0 0 0.30218
0 0 0.298716
0 0 0.286943
0 0 0.27983
0 0 0.275692
0 0 0.27569
0 0 0.273466
0 0 0.272589
0 0 0.272281
0 0 0.270974
0 0 0.265634
0 0 0.260284
0 0 0.259583
0 0 0.25932
0 0 0.257489
0 0 0.255729
0 0 0.253572
0 0 0.251255
0 0 0.250065
0 0 0.249106
0 0 0.248903
0 0 0.247027
0 0 0.246741
0 0 0.245506
0 0 0.245008
0 0 0.241117
0 0 0.239225
0 0 0.238595
0 0 0.236935
0 0 0.226588
0 0 0.222781
0 0 0.220985
0 0 0.220097
0 0 0.219271
0 0 0.214314
0 0 0.214065
0 0 0.211116
0 0 0.209759
0 0 0.20873
0 0 0.205525
0 0 0.205231
0 0 0.204842
0 0 0.203528
0 0 0.195432
0 0 0.194257
0 0 0.192457
0 0 0.191427
0 0 0.190762
0 0 0.188028
0 0 0.185155
0 0 0.184841
0 0 0.181933
0 0 0.18193
0 0 0.180632
0 0 0.180071
0 0 0.179931
0 0 0.175876
0 0 0.175754
0 0 0.175634
0 0 0.175172
0 0 0.175027
0 0 0.174875
0 0 0.174513
0 0 0.173782
0 0 0.173689
0 0 0.173172
0 0 0.171247
0 0 0.170962
0 0 0.169823
0 0 0.168163
0 0 0.167595
0 0 0.166193
0 0 0.165353
0 0 0.165255
0 0 0.164585
0 0 0.163865
0 0 0.163687
0 0 0.163109
0 0 0.162539
0 0 0.162487
0 0 0.161428
0 0 0.160583
0 0 0.159119
0 0 0.158482
0 0 0.156889
0 0 0.156564
0 0 0.156163
0 0 0.155603
0 0 0.154761
0 0 0.154171
0 0 0.15297
0 0 0.152582
0 0 0.150857
0 0 0.148735
0 0 0.147275
0 0 0.147041
0 0 0.146336
0 0 0.145709
0 0 0.14546
0 0 0.145353
1 0.543119 0.688308
0 0 0.144643
0 0 0.144098
0 0 0.143292
0 0 0.142303
0 0 0.142141
0 0 0.141958
0 0 0.141347
0 0 0.141328
0 0 0.141156
0 0 0.139945
0 0 0.139873
0 0 0.139621
0 0 0.139185
0 0 0.138894
0 0 0.13826
0 0 0.138037
0 0 0.137941
0 0 0.137726
0 0 0.137667
0 0 0.137464
0 0 0.137262
0 0 0.136798
0 0 0.136463
0 0 0.136286
0 0 0.136164
0 0 0.135714
0 0 0.135112
0 0 0.134663
0 0 0.13459
0 0 0.134549
0 0 0.134161
0 0 0.133878
0 0 0.133073
0 0 0.133062
0 0 0.131464
0 0 0.131021
0 0 0.130549
0 0 0.130311
0 0 0.129759
0 0 0.129726
0 0 0.129108
0 0 0.128977
0 0 0.128435
0 0 0.12821
0 0 0.128186
0 0 0.12803
0 0 0.127904
0 0 0.127847
0 0 0.127782
0 0 0.12778
0 0 0.127118
0 0 0.126289
0 0 0.126138
0 0 0.125854
0 0 0.125578
0 0 0.125572
0 0 0.125548
0 0 0.124879
0 0 0.124808
0 0 0.124727
0 0 0.124695
0 0 0.124268
0 0 0.124086
0 0 0.123135
0 0 0.122852
0 0 0.122505
0 0 0.122242
0 0 0.121741
0 0 0.121707
0 0 0.121623
0 0 0.121071
0 0 0.12093
0 0 0.120642
0 0 0.120234
0 0 0.119798
0 0 0.119481
0 0 0.119362
0 0 0.118599
0 0 0.118561
0 0 0.118351
0 0 0.118097
0 0 0.116453
0 0 0.115842
0 0 0.115023
0 0 0.114327
0 0 0.114031
0 0 0.113894
0 0 0.113807
0 0 0.113383
0 0 0.113334
0 0 0.11308
1 0.268433 0.381424
0 0 0.11286
0 0 0.112526
0 0 0.112348
0 0 0.112037
0 0 0.111835
0 0 0.11175
0 0 0.111657
0 0 0.111529
0 0 0.111291
0 0 0.111247
0 0 0.110946
0 0 0.109827
0 0 0.109795
0 0 0.109157
0 0 0.10761
0 0 0.107595
0 0 0.106661
0 0 0.106374
0 0 0.106352
0 0 0.106238
0 0 0.10581
0 0 0.105684
0 0 0.105684
0 0 0.10559
0 0 0.105501
0 0 0.10531
0 0 0.105303
0 0 0.105083
0 0 0.104869
0 0 0.104825
0 0 0.104819
0 0 0.104577
0 0 0.1045
0 0 0.104121
0 0 0.103584
0 0 0.103122
0 0 0.102164
0 0 0.101647
0 0 0.1012
0 0 0.100721
0 0 0.100417
0 0 0.100169
0 0 0.100016
0 0 0.0996967
0 0 0.0995085
0 0 0.0993733
0 0 0.0993729
0 0 0.0990027
0 0 0.0989013
0 0 0.0987772
0 0 0.098557
0 0 0.0985234
0 0 0.0981842
0 0 0.0975486
0 0 0.0972991
0 0 0.0972818
0 0 0.0969289
0 0 0.0960904
0 0 0.096043
0 0 0.095872
0 0 0.0951848
0 0 0.0950588
0 0 0.0948525
0 0 0.0947401
0 0 0.0947314
0 0 0.0945943
0 0 0.0942749
0 0 0.0942026
0 0 0.0927708
0 0 0.0927172
0 0 0.0926516
0 0 0.092636
0 0 0.092603
0 0 0.0925211
0 0 0.0922629
0 0 0.0922556
0 0 0.0920996
0 0 0.0918737
0 0 0.0916445
0 0 0.0915989
1 0.547184 0.638773
0 0 0.0915013
0 0 0.090805
0 0 0.0908037
0 0 0.0904261
0 0 0.0903172
0 0 0.0902064
0 0 0.0901179
0 0 0.090093
0 0 0.0894493
0 0 0.0892216
0 0 0.089186
0 0 0.0888328
0 0 0.0886442
0 0 0.0882022
0 0 0.0880809
0 0 0.088067
0 0 0.0879779
0 0 0.0877701
0 0 0.0877162
0 0 0.0876938
0 0 0.0876135
0 0 0.0875641
0 0 0.086992
0 0 0.0869421
0 0 0.0868957
0 0 0.0867961
0 0 0.0866522
0 0 0.0855803
0 0 0.0854757
0 0 0.0853074
0 0 0.085062
0 0 0.0850116
0 0 0.0847133
0 0 0.0846212
0 0 0.0845189
0 0 0.0844855
0 0 0.0842309
0 0 0.0840778
0 0 0.0839951
0 0 0.0837593
1 0.439567 0.523252
0 0 0.0833011
0 0 0.0830494
0 0 0.0829737
0 0 0.0824598
0 0 0.0822434
0 0 0.0821903
0 0 0.0813708
0 0 0.081359
0 0 0.0810961
0 0 0.0807445
0 0 0.0801387
0 0 0.0790944
0 0 0.078918
0 0 0.0784782
0 0 0.0769845
0 0 0.0763584
0 0 0.0745553
0 0 0.0745117
0 0 0.0724367
0 0 0.0716488
0 0 0.0712844
1 0.381063 0.449217
0 0 0.0655911
0 0 0.0627688
0 0 0.0617757
1 0.30821 0.367994
0 0 0.0584324
2 0.690802 0.745605
1 0.471159 0.523944
0 0 0.0527121
1 0.30183 0.345961
1 0.390171 0.433315
1 0.450679 0.4839
1 0.156899 0.189449
1 0.627882 0.659031
1 0.28266 0.313351
1 0.325393 0.353501
1 0.186159 0.213756
1 0.55909 0.585655
1 0.497334 0.520855
1 0.118082 0.140705
1 0.293257 0.315685
1 0.289658 0.312067
1 0.265895 0.288299
1 0.484078 0.506376
1 0.30106 0.322897
1 0.192777 0.214473
1 0.162068 0.183499
1 0.141127 0.162155
1 0.384601 0.404639
1 0.283055 0.302964
1 0.319785 0.338631
1 0.108539 0.126145
1 0.150766 0.166439
1 0.131127 0.146496
1 0.114926 0.129746
1 0.13263 0.147237
1 0.17281 0.187302
1 0.10962 0.124109
1 0.204687 0.218786
1 0.159004 0.172669
1 0.282715 0.296268
1 0.117753 0.131237
1 0.11948 0.132724
1 0.16242 0.175435
2 0.203205 0.216198
1 0.100343 0.113322
1 0.106711 0.119232
1 0.0943923 0.106676
1 0.169299 0.181577
1 0.127576 0.139671
1 0.244735 0.256795
1 0.178273 0.190287
2 0.105985 0.117672
1 0.096274 0.10769
1 0.203558 0.214968
1 0.093547 0.104912
1 0.121227 0.132467
1 0.106044 0.117263
1 0.0923812 0.103316
1 0.0974066 0.10819
1 0.163932 0.174667
1 0.275728 0.286232
1 0.107623 0.117672
1 0.126478 0.136506
1 0.138116 0.148076
1 0.115077 0.124939
1 0.104231 0.11391
1 0.302109 0.311737
1 0.1034 0.1128
1 0.106999 0.116175
2 0.208592 0.217344
2 0.1097 0.118386
1 0.242376 0.250838
1 0.170029 0.178441
1 0.147702 0.156064
1 0.101845 0.110194
1 0.141898 0.150214
1 0.103907 0.112079
1 0.104205 0.112342
1 0.13367 0.141495
1 0.094904 0.10269
1 0.10021 0.10795
1 0.117431 0.124939
1 0.161295 0.168769
1 0.0853183 0.0927484
1 0.115212 0.122488
1 0.114699 0.121936
1 0.250239 0.257332
2 0.197745 0.204773
2 0.180956 0.18797
2 0.115291 0.12211
1 0.101314 0.108105
1 0.475442 0.482183
1 0.199658 0.206103
1 0.105651 0.111989
1 0.166678 0.172989
1 0.101603 0.107856
1 0.14428 0.150526
1 0.115115 0.121248
2 0.187321 0.193449
1 0.12355 0.129671
1 0.170153 0.176255
1 0.0920082 0.0979049
2 0.143555 0.149408
1 0.0981915 0.10379
1 0.144535 0.150108
1 0.201513 0.207013
1 0.122066 0.127389
1 0.0886432 0.0939513
1 0.0982391 0.103483
1 0.100286 0.105478
2 0.135114 0.1403
1 0.127879 0.133036
1 0.165088 0.17022
1 0.232518 0.237635
2 0.142549 0.147618
2 0.15042 0.155475
1 0.219833 0.224783
1 0.253892 0.258802
1 0.154508 0.159402
1 0.0951918 0.0998069
2 0.115902 0.120388
1 0.096038 0.100508
1 0.182419 0.186823
1 0.139135 0.143527
1 0.153518 0.157893
1 0.112398 0.116589
1 0.170553 0.174629
1 0.143162 0.147165
1 0.080665 0.0846579
1 0.119138 0.123001
2 0.113454 0.117289
1 0.0996398 0.103305
2 0.159537 0.163192
1 0.123038 0.126576
2 0.122306 0.125842
1 0.13757 0.141087
1 0.191143 0.194629
1 0.0978575 0.101336
1 0.111446 0.114887
1 0.134481 0.137914
1 0.115921 0.119313
1 0.106089 0.109216
2 0.150921 0.153997
2 0.120087 0.123157
1 0.145224 0.148283
1 0.554629 0.557665
2 0.121664 0.124673
1 0.203135 0.206093
1 0.120101 0.123024
1 0.153272 0.156167
2 0.158528 0.161251
1 0.128495 0.131191
2 0.142052 0.144735
2 0.206918 0.209475
2 0.135355 0.137886
1 0.103202 0.105685
2 0.140894 0.143278
1 0.106631 0.108977
2 0.106705 0.109003
1 0.11028 0.11257
1 0.146795 0.148995
2 0.120521 0.122713
1 0.103566 0.105746
1 0.101114 0.103102
1 0.118539 0.120426
2 0.104926 0.106813
1 0.0974991 0.0992852
2 0.111617 0.113379
2 0.111617 0.113379
1 0.128653 0.130411
1 0.132846 0.134576
1 0.106911 0.108632
1 0.109893 0.111581
1 0.191149 0.192798
1 0.127582 0.129169
2 0.142417 0.143993
1 0.110552 0.112048
1 0.133747 0.13517
1 0.198544 0.199886
1 0.0895754 0.0908971
1 0.164198 0.165409
1 0.118302 0.119497
2 0.124327 0.12551
2 0.233929 0.235045
1 0.123874 0.124957
1 0.121449 0.122488
1 0.105231 0.106258
2 0.122212 0.123157
2 0.105904 0.106813
2 0.105985 0.106813
2 0.193974 0.194797
1 0.100771 0.101582
1 0.636412 0.637184
1 0.108764 0.109479
2 0.120395 0.121089
1 0.127806 0.128496
1 0.147211 0.147871
1 0.101242 0.101847
1 0.143636 0.144235
1 0.139721 0.140286
1 0.130807 0.131347
1 0.120905 0.121432
2 0.152372 0.152813
2 0.124698 0.125134
1 0.149683 0.150108
1 0.107167 0.107586
1 0.195421 0.195833
1 0.132679 0.133036
1 0.157526 0.15784
2 0.103483 0.103776
2 0.158533 0.158819
1 0.117848 0.118076
2 0.123224 0.123434
2 0.158632 0.158819
1 0.111078 0.11126
2 0.12093 0.121099
1 0.100025 0.100189
2 0.108855 0.109003
1 0.100016 0.100075
2 0.136195 0.136247
2 0.145392 0.145429
1 0.110322 0.11034
2 0.138438 0.138455
