1 0.779021 inf
1 0.688316 inf
0 0 inf
0 0 inf
0 0 inf
0 0 inf
1 0.720175 inf
0 0 inf
0 0 inf
0 0 inf
0 0 inf
0 0 inf
0 0 inf
2 0.774255 inf
0 0 0.772809
0 0 0.764192
0 0 0.70632
0 0 0.706216
0 0 0.677202
0 0 0.640636
0 0 0.636169
0 0 0.626553
0 0 0.616323
0 0 0.593099
0 0 0.592956
0 0 0.592285
0 0 0.588587
0 0 0.582908
0 0 0.555877
0 0 0.552047
0 0 0.550351
0 0 0.542248
0 0 0.537282
0 0 0.530251
0 0 0.527386
0 0 0.523021
0 0 0.519957
0 0 0.51968
0 0 0.489723
0 0 0.480108
0 0 0.467889
0 0 0.45675
0 0 0.445183
0 0 0.442121
0 0 0.434254
0 0 0.43237
0 0 0.429348
0 0 0.424132
0 0 0.415388
0 0 0.408816
0 0 0.403931
0 0 0.40389
0 0 0.379862
0 0 0.377837
0 0 0.369447
0 0 0.365998
0 0 0.365915
0 0 0.360826
0 0 0.359837
0 0 0.355208
0 0 0.354027
0 0 0.352294
0 0 0.348987
0 0 0.347344
0 0 0.345156
0 0 0.342015
0 0 0.340163
0 0 0.33644
0 0 0.332926
0 0 0.330058
0 0 0.328375
0 0 0.32754
0 0 0.326504
0 0 0.326095
0 0 0.324288
0 0 0.324011
0 0 0.321951
0 0 0.321628
0 0 0.320414
0 0 0.319897
0 0 0.318652
0 0 0.315373
0 0 0.314445
0 0 0.313274
0 0 0.308198
0 0 0.297728
0 0 0.296252
0 0 0.294407
0 0 0.29103
0 0 0.289442
0 0 0.289434
0 0 0.286777
0 0 0.286601
0 0 0.284877
0 0 0.278624
0 0 0.272757
0 0 0.271057
0 0 0.2689
0 0 0.264658
0 0 0.262975
0 0 0.258621
0 0 0.254915
0 0 0.25488
0 0 0.247782
0 0 0.24719
0 0 0.24462
0 0 0.241346
0 0 0.240418
0 0 0.239819
0 0 0.238475
0 0 0.235961
0 0 0.235549
0 0 0.23124
0 0 0.23119
0 0 0.229492
0 0 0.229366
0 0 0.228424
0 0 0.22374
0 0 0.223421
0 0 0.223296
0 0 0.22287
0 0 0.221785
0 0 0.221461
0 0 0.220366
0 0 0.219343
0 0 0.218285
0 0 0.217262
0 0 0.213039
0 0 0.212712
0 0 0.211785
0 0 0.21159
0 0 0.21127
0 0 0.210222
0 0 0.209634
0 0 0.207966
0 0 0.207362
0 0 0.207287
0 0 0.20664
0 0 0.205703
0 0 0.204716
0 0 0.204586
0 0 0.203426
0 0 0.202811
0 0 0.2005
0 0 0.199943
0 0 0.198417
0 0 0.198387
0 0 0.198338
0 0 0.198264
0 0 0.197602
0 0 0.1974
0 0 0.197265
0 0 0.196851
0 0 0.196377
0 0 0.196126
0 0 0.194449
0 0 0.193632
0 0 0.193025
0 0 0.19214
0 0 0.191998
0 0 0.19101
0 0 0.190992
0 0 0.190399
0 0 0.188877
0 0 0.18829
0 0 0.187073
0 0 0.186725
0 0 0.185708
0 0 0.185113
0 0 0.18398
0 0 0.183823
0 0 0.182994
0 0 0.182923
0 0 0.182828
0 0 0.182521
0 0 0.182434
0 0 0.181791
0 0 0.178825
0 0 0.178287
0 0 0.178123
0 0 0.177758
0 0 0.177737
0 0 0.177383
0 0 0.176255
0 0 0.175745
0 0 0.17547
0 0 0.175403
0 0 0.174388
0 0 0.174351
0 0 0.174163
0 0 0.173917
0 0 0.172914
0 0 0.172554
0 0 0.172299
0 0 0.169308
0 0 0.166365
0 0 0.165811
0 0 0.165259
0 0 0.164854
0 0 0.164285
0 0 0.163165
0 0 0.163131
0 0 0.162224
0 0 0.16177
0 0 0.161334
0 0 0.160482
0 0 0.16035
0 0 0.159328
0 0 0.159123
0 0 0.158918
0 0 0.157008
0 0 0.15568
0 0 0.155423
0 0 0.15534
0 0 0.15518
0 0 0.15473
0 0 0.154647
0 0 0.154235
0 0 0.153768
0 0 0.152382
0 0 0.152366
0 0 0.150625
0 0 0.149811
0 0 0.149669
0 0 0.149548
0 0 0.149253
0 0 0.146586
0 0 0.146537
0 0 0.146514
0 0 0.145948
0 0 0.145715
0 0 0.143609
0 0 0.14331
0 0 0.143283
0 0 0.142166
0 0 0.142043
0 0 0.14196
0 0 0.141239
0 0 0.14107
0 0 0.140575
0 0 0.139896
0 0 0.138815
0 0 0.138137
0 0 0.138055
0 0 0.137651
0 0 0.137334
0 0 0.136788
0 0 0.136628
0 0 0.13626
0 0 0.135233
0 0 0.135144
0 0 0.135089
0 0 0.134031
0 0 0.133739
0 0 0.133269
0 0 0.133181
0 0 0.133176
0 0 0.133095
0 0 0.132899
0 0 0.132472
0 0 0.132336
0 0 0.132106
0 0 0.13206
0 0 0.131866
0 0 0.13154
0 0 0.131371
0 0 0.131225
0 0 0.130946
0 0 0.130857
0 0 0.13034
0 0 0.1297
0 0 0.129323
0 0 0.128986
0 0 0.12871
0 0 0.128377
0 0 0.128146
0 0 0.127971
0 0 0.127925
0 0 0.127886
0 0 0.127827
0 0 0.127057
0 0 0.126642
0 0 0.126017
0 0 0.124346
0 0 0.123135
0 0 0.123093
0 0 0.122714
0 0 0.122124
0 0 0.121176
0 0 0.120239
0 0 0.119413
1 0.643049 0.762324
0 0 0.118937
0 0 0.118633
0 0 0.118555
0 0 0.118376
0 0 0.118328
0 0 0.118208
0 0 0.117791
0 0 0.117649
0 0 0.117638
0 0 0.117252
0 0 0.117115
0 0 0.117108
0 0 0.116864
0 0 0.116522
0 0 0.116432
0 0 0.116224
0 0 0.116086
0 0 0.115324
0 0 0.115223
0 0 0.115038
0 0 0.11474
0 0 0.114523
0 0 0.11398
0 0 0.113881
0 0 0.11379
0 0 0.113471
0 0 0.11345
0 0 0.112687
0 0 0.112676
0 0 0.112629
0 0 0.112506
0 0 0.112407
0 0 0.112273
0 0 0.112238
0 0 0.11151
0 0 0.111409
0 0 0.11112
0 0 0.111116
0 0 0.110458
0 0 0.109606
0 0 0.109186
0 0 0.108708
0 0 0.108279
0 0 0.10806
0 0 0.10756
0 0 0.107378
0 0 0.107284
0 0 0.106205
0 0 0.105463
0 0 0.105341
0 0 0.104928
0 0 0.104396
0 0 0.104313
0 0 0.104176
0 0 0.104156
0 0 0.103447
0 0 0.103239
0 0 0.102986
0 0 0.102947
0 0 0.102425
0 0 0.102349
0 0 0.102227
0 0 0.101899
0 0 0.101585
0 0 0.10102
0 0 0.100941
0 0 0.100779
0 0 0.100728
0 0 0.10051
0 0 0.100401
0 0 0.0998114
0 0 0.0991339
0 0 0.0988532
0 0 0.0980015
0 0 0.0977898
0 0 0.0967934
0 0 0.0966381
0 0 0.0961041
0 0 0.0960683
0 0 0.0952711
0 0 0.0947122
0 0 0.0944887
0 0 0.0940525
0 0 0.0937164
0 0 0.093691
0 0 0.0934019
0 0 0.0931637
0 0 0.0928183
0 0 0.0918554
0 0 0.0897338
0 0 0.0893569
0 0 0.0884865
0 0 0.0879483
0 0 0.0878752
0 0 0.087068
0 0 0.0869327
0 0 0.0868276
0 0 0.0864918
0 0 0.0861093
0 0 0.0860951
0 0 0.0840287
0 0 0.0840173
0 0 0.0830072
0 0 0.0814185
0 0 0.0808011
0 0 0.0807634
0 0 0.078727
0 0 0.0775224
0 0 0.0772181
0 0 0.0763579
0 0 0.0746529
1 0.701431 0.774249
0 0 0.0676192
0 0 0.0647535
1 0.405149 0.469425
1 0.529944 0.587207
1 0.413607 0.469728
1 0.649619 0.700201
1 0.201632 0.248549
1 0.463611 0.509005
1 0.331018 0.375849
1 0.33047 0.372124
1 0.664881 0.703094
2 0.638336 0.675382
1 0.199607 0.233659
1 0.161783 0.195555
1 0.141612 0.175015
1 0.1615 0.194713
1 0.215012 0.246514
1 0.195743 0.225613
1 0.281362 0.310526
1 0.256617 0.285071
1 0.211339 0.239429
1 0.249595 0.27718
1 0.184034 0.211441
1 0.136112 0.163326
1 0.181743 0.208089
1 0.148267 0.1743
1 0.177677 0.202602
1 0.144265 0.168812
1 0.155271 0.179757
1 0.112592 0.136928
1 0.227322 0.251341
1 0.150564 0.173783
1 0.164768 0.187599
1 0.150788 0.173393
1 0.132606 0.15494
1 0.211485 0.233751
1 0.245599 0.267213
1 0.459784 0.480655
1 0.235328 0.255851
1 0.202202 0.222207
1 0.167058 0.186634
1 0.197873 0.216159
1 0.172076 0.190301
1 0.106067 0.123747
1 0.129143 0.145785
1 0.198551 0.214974
1 0.263441 0.27969
1 0.288571 0.304539
1 0.305624 0.321483
1 0.215705 0.231552
1 0.191121 0.20682
1 0.154925 0.170187
1 0.209594 0.224643
1 0.139451 0.154412
1 0.168092 0.182907
1 0.151917 0.166581
1 0.251221 0.265666
1 0.152891 0.167099
1 0.173338 0.187164
1 0.261851 0.275664
1 0.188834 0.20264
1 0.208511 0.22229
1 0.142052 0.155175
1 0.372304 0.385389
1 0.111113 0.124161
1 0.247527 0.260422
1 0.10963 0.122358
1 0.126478 0.139166
1 0.127191 0.13986
1 0.127703 0.139952
1 0.123981 0.136024
1 0.10199 0.114005
1 0.123319 0.135257
2 0.162918 0.174667
1 0.149902 0.161633
1 0.23494 0.246428
1 0.244238 0.25558
1 0.102464 0.11373
1 0.585056 0.596278
1 0.155751 0.166378
1 0.253739 0.264289
1 0.238167 0.248478
1 0.161152 0.171286
1 0.312808 0.322638
1 0.143668 0.153486
1 0.179789 0.189223
1 0.408016 0.417447
1 0.134081 0.14348
1 0.164336 0.173664
1 0.164376 0.173546
2 0.180349 0.189508
1 0.121604 0.130648
1 0.127281 0.136024
2 0.164885 0.173478
1 0.15758 0.166116
2 0.188367 0.196811
2 0.193846 0.202256
1 0.122312 0.130632
1 0.178251 0.186404
1 0.143884 0.152033
1 0.149732 0.157736
1 0.165804 0.173783
1 0.62712 0.635012
1 0.129074 0.136962
1 0.184152 0.192036
2 0.216856 0.224706
1 0.510145 0.517929
1 0.164239 0.171971
1 0.111887 0.119529
1 0.211196 0.218677
1 0.150389 0.15782
2 0.186568 0.193917
1 0.118821 0.126164
1 0.129784 0.136567
1 0.174391 0.181135
1 0.127809 0.134536
1 0.197646 0.204291
1 0.113274 0.119902
2 0.12392 0.130528
1 0.141142 0.147567
1 0.745865 0.752255
1 0.153982 0.160248
2 0.14983 0.156087
1 0.169351 0.175544
2 0.127186 0.133273
1 0.168529 0.174601
2 0.154357 0.160371
1 0.133808 0.13947
2 0.18215 0.187619
1 0.137954 0.143404
2 0.168582 0.173963
2 0.185004 0.190374
1 0.108824 0.114165
1 0.118587 0.123747
1 0.118256 0.123382
1 0.187293 0.192376
1 0.227951 0.23303
1 0.174067 0.17912
1 0.116215 0.121027
1 0.121361 0.126131
2 0.210714 0.215441
2 0.240612 0.245146
1 0.159682 0.16413
1 0.118527 0.122818
1 0.613806 0.618071
1 0.157792 0.162018
1 0.151735 0.155956
1 0.187393 0.191565
1 0.20026 0.204363
1 0.159326 0.163312
1 0.16993 0.173802
1 0.110153 0.113957
2 0.184206 0.188001
2 0.142465 0.146237
1 0.1117 0.115268
1 0.163187 0.166727
1 0.211538 0.215062
1 0.156491 0.160002
1 0.119842 0.123232
1 0.109667 0.113027
1 0.157723 0.16106
1 0.0934098 0.0966383
2 0.185058 0.188272
1 0.339078 0.342192
1 0.590151 0.593205
1 0.156156 0.159201
1 0.11814 0.121176
1 0.219678 0.222707
1 0.146145 0.149171
1 0.181954 0.18494
2 0.151342 0.154235
1 0.178849 0.181677
1 0.579145 0.581881
1 0.193979 0.196691
1 0.141733 0.144353
1 0.12184 0.124415
2 0.343197 0.345717
1 0.192954 0.19542
1 0.129453 0.131898
1 0.174167 0.176545
1 0.117624 0.119902
1 0.171576 0.173825
2 0.15268 0.154788
1 0.164585 0.16669
1 0.157733 0.159789
1 0.15192 0.153905
1 0.220366 0.22228
2 0.193535 0.195421
1 0.254168 0.255998
2 0.153004 0.154799
1 0.202419 0.204165
1 0.0915359 0.0932664
2 0.159538 0.161238
1 0.149269 0.150924
1 0.162973 0.164613
1 0.315046 0.316643
1 0.141133 0.142698
1 0.145161 0.146674
1 0.141902 0.143391
1 0.267398 0.268805
2 0.177449 0.178793
1 0.119619 0.120899
1 0.195428 0.196629
1 0.120335 0.121527
1 0.176806 0.177908
1 0.11713 0.118227
1 0.150638 0.151703
1 0.242697 0.243758
1 0.225636 0.226695
1 0.139008 0.140059
2 0.126197 0.127104
1 0.350451 0.351355
2 0.12832 0.1292
1 0.120313 0.121148
2 0.177768 0.178554
1 0.165021 0.165735
1 0.166771 0.167441
2 0.178187 0.178729
1 0.145392 0.145912
1 0.178389 0.178842
1 0.118329 0.118763
1 0.149282 0.149677
1 0.113567 0.113957
1 0.194439 0.194705
1 0.248304 0.248549
2 0.212995 0.213096
2 0.176545 0.176645
2 0.163107 0.163181
1 0.110035 0.110086
1 0.11065 0.110692
1 0.230463 0.230481
