0 0 inf
0 0 inf
0 0 inf
0 0 inf
0 0 inf
0 0 inf
0 0 inf
0 0 inf
0 0 inf
0 0 inf
0 0 inf
0 0 inf
0 0 inf
0 0 inf
0 0 inf
0 0 inf
0 0 inf
0 0 inf
0 0 inf
0 0 inf
0 0 inf
0 0 inf
0 0 inf
0 0 inf
0 0 inf
0 0 inf
0 0 inf
2 0.797099 inf
0 0 inf
0 0 inf
0 0 inf
0 0 inf
0 0 inf
0 0 inf
0 0 inf
0 0 inf
1 0.702073 inf
0 0 inf
0 0 inf
0 0 inf
0 0 inf
0 0 inf
0 0 inf
0 0 inf
0 0 inf
0 0 inf
1 0.752616 inf
2 0.752721 inf
1 0.760384 inf
1 0.762474 inf
1 0.764156 inf
1 0.766544 inf
2 0.774437 inf
1 0.784297 inf
0 0 inf
0 0 inf
0 0 inf
0 0 inf
0 0 inf
0 0 inf
0 0 inf
0 0 inf
0 0 inf
0 0 inf
0 0 inf
0 0 inf
0 0 inf
0 0 inf
0 0 inf
0 0 inf
0 0 inf
0 0 0.796819
0 0 0.791298
0 0 0.784019
0 0 0.770696
0 0 0.752209
0 0 0.743768
0 0 0.742406
0 0 0.727803
0 0 0.726348
0 0 0.725575
0 0 0.721425
0 0 0.71507
0 0 0.702827
0 0 0.693775
0 0 0.691731
0 0 0.686286
0 0 0.686003
0 0 0.683004
0 0 0.677115
0 0 0.665253
0 0 0.662146
0 0 0.661391
0 0 0.651557
0 0 0.646591
0 0 0.646152
0 0 0.639275
0 0 0.631191
0 0 0.621358
0 0 0.618268
0 0 0.616844
0 0 0.615572
0 0 0.614878
0 0 0.605008
0 0 0.601627
0 0 0.598316
0 0 0.594173
0 0 0.588351
0 0 0.584622
0 0 0.580469
0 0 0.578215
0 0 0.576569
0 0 0.575837
0 0 0.574129
0 0 0.570704
0 0 0.56946
0 0 0.563257
0 0 0.562483
0 0 0.562379
0 0 0.555216
0 0 0.553111
0 0 0.55201
0 0 0.549117
0 0 0.544849
0 0 0.544083
0 0 0.542745
0 0 0.541643
0 0 0.538768
0 0 0.538683
0 0 0.53457
0 0 0.531913
0 0 0.522145
0 0 0.520948
0 0 0.515257
0 0 0.514156
0 0 0.500248
0 0 0.497705
0 0 0.494289
0 0 0.491434
0 0 0.490997
0 0 0.488426
0 0 0.487668
0 0 0.486726
0 0 0.486222
0 0 0.482101
0 0 0.481243
0 0 0.480473
0 0 0.479112
0 0 0.477922
0 0 0.476538
0 0 0.47548
0 0 0.474732
0 0 0.468525
0 0 0.466873
0 0 0.465374
0 0 0.4565
0 0 0.456486
0 0 0.446283
0 0 0.445974
0 0 0.444657
0 0 0.439056
0 0 0.43826
0 0 0.437519
0 0 0.436532
0 0 0.428841
0 0 0.42757
0 0 0.424806
0 0 0.423893
0 0 0.412862
0 0 0.411834
0 0 0.407435
0 0 0.406638
0 0 0.404827
0 0 0.399812
0 0 0.394317
0 0 0.391268
0 0 0.38778
0 0 0.385635
0 0 0.380966
0 0 0.376865
0 0 0.376854
0 0 0.374192
0 0 0.370803
0 0 0.367564
0 0 0.367306
0 0 0.362624
0 0 0.361151
0 0 0.359328
0 0 0.357237
0 0 0.355726
0 0 0.354144
0 0 0.353325
0 0 0.351357
0 0 0.350349
0 0 0.347621
0 0 0.344824
0 0 0.34352
0 0 0.341923
0 0 0.341797
0 0 0.341181
0 0 0.341029
0 0 0.336377
0 0 0.334794
0 0 0.333287
0 0 0.331704
0 0 0.331334
0 0 0.33117
0 0 0.330551
0 0 0.327228
0 0 0.327095
0 0 0.326099
0 0 0.32542
0 0 0.321364
0 0 0.317924
0 0 0.313567
0 0 0.31181
0 0 0.309945
0 0 0.309692
0 0 0.309006
0 0 0.305408
0 0 0.301119
0 0 0.299187
0 0 0.29823
0 0 0.297919
0 0 0.295887
0 0 0.292537
0 0 0.291068
0 0 0.290746
0 0 0.290726
0 0 0.289113
0 0 0.287748
0 0 0.287049
0 0 0.286956
0 0 0.284073
0 0 0.283072
0 0 0.280688
0 0 0.278729
0 0 0.278287
0 0 0.278211
0 0 0.275834
0 0 0.275805
0 0 0.275644
0 0 0.275479
0 0 0.272307
0 0 0.269222
0 0 0.268586
0 0 0.266666
0 0 0.265773
0 0 0.26452
0 0 0.263701
0 0 0.26365
0 0 0.262821
0 0 0.261579
0 0 0.26032
0 0 0.259946
0 0 0.259665
0 0 0.259472
0 0 0.255863
0 0 0.255189
0 0 0.255059
0 0 0.254953
0 0 0.254886
0 0 0.254671
0 0 0.253911
0 0 0.253515
0 0 0.252153
0 0 0.252025
0 0 0.251547
0 0 0.246896
0 0 0.246749
0 0 0.24619
0 0 0.245765
0 0 0.245123
0 0 0.244739
0 0 0.244134
0 0 0.243657
0 0 0.241016
0 0 0.240254
0 0 0.23977
0 0 0.238044
0 0 0.238033
0 0 0.23766
0 0 0.237422
0 0 0.236791
0 0 0.234892
0 0 0.234855
0 0 0.233562
0 0 0.227395
0 0 0.226544
0 0 0.223101
0 0 0.223043
0 0 0.222279
0 0 0.221463
0 0 0.220956
0 0 0.219997
0 0 0.218968
0 0 0.218017
0 0 0.217786
0 0 0.216921
0 0 0.216423
0 0 0.216367
0 0 0.215185
0 0 0.215075
0 0 0.213952
0 0 0.212209
0 0 0.211781
0 0 0.210634
0 0 0.209761
0 0 0.209286
0 0 0.208937
0 0 0.20799
0 0 0.207446
0 0 0.206801
0 0 0.205958
0 0 0.205547
0 0 0.204854
0 0 0.201643
0 0 0.199331
0 0 0.198765
0 0 0.198691
0 0 0.198612
0 0 0.197491
0 0 0.197044
0 0 0.196999
0 0 0.196299
0 0 0.196163
0 0 0.196036
0 0 0.194999
0 0 0.194376
0 0 0.194221
0 0 0.194101
0 0 0.19377
0 0 0.192423
0 0 0.192084
0 0 0.190048
0 0 0.189998
0 0 0.189848
0 0 0.187701
0 0 0.187454
0 0 0.186131
0 0 0.185691
0 0 0.185604
0 0 0.185283
0 0 0.185254
0 0 0.185243
0 0 0.185167
0 0 0.18419
0 0 0.183183
0 0 0.181914
0 0 0.181166
0 0 0.180959
0 0 0.180038
0 0 0.179971
0 0 0.179614
0 0 0.179591
0 0 0.178354
0 0 0.177954
0 0 0.177796
0 0 0.177705
0 0 0.176576
0 0 0.173908
0 0 0.172513
1 0.589733 0.760778
0 0 0.169927
0 0 0.168412
0 0 0.162874
0 0 0.162652
0 0 0.161096
0 0 0.160955
0 0 0.160573
0 0 0.159679
0 0 0.159411
0 0 0.158974
0 0 0.158668
1 0.642344 0.799582
0 0 0.156989
0 0 0.156757
0 0 0.156198
0 0 0.155555
0 0 0.154991
0 0 0.153593
0 0 0.152534
0 0 0.151358
0 0 0.151287
0 0 0.148612
0 0 0.14825
0 0 0.147792
0 0 0.144612
0 0 0.139715
0 0 0.137508
0 0 0.137437
0 0 0.135937
0 0 0.134955
0 0 0.133943
0 0 0.132973
0 0 0.131298
0 0 0.128218
0 0 0.127671
0 0 0.127626
0 0 0.126217
0 0 0.125962
0 0 0.125219
0 0 0.124924
0 0 0.124037
0 0 0.120396
0 0 0.119033
0 0 0.11835
0 0 0.117423
0 0 0.115031
1 0.574707 0.682132
0 0 0.10697
1 0.583709 0.686862
1 0.605464 0.708594
0 0 0.100844
0 0 0.100746
1 0.649969 0.743747
1 0.289607 0.378092
1 0.445272 0.53231
1 0.701723 0.787684
1 0.517042 0.602159
1 0.661828 0.74573
1 0.296817 0.37965
1 0.602781 0.677806
1 0.671377 0.746395
1 0.593288 0.666791
1 0.604198 0.672142
1 0.382122 0.448924
1 0.409468 0.471255
1 0.260043 0.317657
1 0.379674 0.43693
1 0.677335 0.732255
1 0.406074 0.460358
1 0.228676 0.281676
1 0.335373 0.388195
1 0.613772 0.664975
1 0.305197 0.355837
1 0.604638 0.654783
1 0.660592 0.709806
1 0.69134 0.740154
1 0.723172 0.770927
1 0.422515 0.469122
1 0.30703 0.353136
1 0.213042 0.255944
1 0.630305 0.67292
1 0.268537 0.310026
1 0.162419 0.203409
1 0.386671 0.427307
1 0.312979 0.353016
1 0.255811 0.294826
1 0.411489 0.449607
1 0.355115 0.392607
1 0.271035 0.306613
1 0.67032 0.704742
1 0.594748 0.629078
1 0.182055 0.215966
1 0.215248 0.248884
1 0.441538 0.474685
1 0.695675 0.728443
1 0.20626 0.238421
1 0.198744 0.230903
1 0.488939 0.519851
1 0.237079 0.26783
1 0.614975 0.645229
1 0.373596 0.403777
1 0.238934 0.267834
1 0.713066 0.741819
1 0.255239 0.283778
1 0.403166 0.431628
1 0.240994 0.269441
1 0.493667 0.522043
1 0.187939 0.215966
1 0.208732 0.236395
1 0.160665 0.188269
1 0.16344 0.191035
1 0.305669 0.33307
1 0.266929 0.29391
1 0.246736 0.273602
1 0.344331 0.370662
1 0.596184 0.622203
2 0.216266 0.242064
1 0.187829 0.21346
1 0.16362 0.187984
2 0.693964 0.718144
1 0.508386 0.53231
1 0.658348 0.682132
1 0.223502 0.246953
1 0.228722 0.251869
1 0.346019 0.368708
1 0.226239 0.248602
1 0.530319 0.552131
1 0.20845 0.230196
1 0.278852 0.300464
1 0.297264 0.318768
1 0.283409 0.304905
1 0.500653 0.522043
1 0.433558 0.454854
1 0.367172 0.388445
1 0.217191 0.23832
1 0.555559 0.576304
1 0.218946 0.239671
1 0.267206 0.287524
1 0.210672 0.230802
1 0.619108 0.638302
1 0.240747 0.259875
1 0.281272 0.299773
1 0.52056 0.538964
1 0.19841 0.216662
1 0.295344 0.313578
1 0.396915 0.415061
1 0.340249 0.358371
1 0.381757 0.399667
2 0.251578 0.269458
1 0.518419 0.536015
1 0.215235 0.232377
1 0.195327 0.212311
2 0.550998 0.567955
1 0.18648 0.20337
1 0.759796 0.776513
1 0.270611 0.28732
1 0.161802 0.178475
1 0.612618 0.629207
2 0.481854 0.498425
2 0.353787 0.370304
2 0.469871 0.486233
1 0.291022 0.306929
1 0.195445 0.211305
2 0.482642 0.498425
1 0.240392 0.255758
1 0.252217 0.267539
1 0.517302 0.532594
2 0.764236 0.779281
1 0.202698 0.217487
1 0.170953 0.185651
1 0.557327 0.571941
1 0.191267 0.205793
1 0.413345 0.427745
1 0.218579 0.232137
1 0.175017 0.18801
1 0.219631 0.232377
1 0.397405 0.410028
2 0.283856 0.29618
1 0.229531 0.241093
1 0.307895 0.319053
1 0.3901 0.401132
1 0.4183 0.429265
1 0.69957 0.710244
1 0.177474 0.18801
1 0.228584 0.238553
1 0.216098 0.225941
1 0.16801 0.177852
2 0.337387 0.347167
1 0.224196 0.233889
2 0.207613 0.217101
1 0.335097 0.344567
1 0.243161 0.25255
1 0.183145 0.192356
1 0.429817 0.438941
1 0.333229 0.342277
1 0.278789 0.28781
1 0.184039 0.192356
2 0.711777 0.720074
1 0.208413 0.216662
2 0.355575 0.363743
1 0.281674 0.289585
1 0.338279 0.346185
1 0.431232 0.438941
1 0.35247 0.360164
2 0.195968 0.20363
1 0.432496 0.439403
1 0.361347 0.368158
2 0.244382 0.251193
1 0.363978 0.370662
1 0.276018 0.282678
2 0.319209 0.325796
1 0.267246 0.273745
1 0.178201 0.184372
1 0.298736 0.304905
1 0.280322 0.286443
1 0.277397 0.283401
1 0.764813 0.770805
1 0.225128 0.231115
2 0.276807 0.282792
1 0.31338 0.319332
2 0.288895 0.294821
2 0.742997 0.748748
1 0.243744 0.249313
1 0.294479 0.300039
1 0.218365 0.223918
1 0.294337 0.299884
1 0.363903 0.369392
1 0.454367 0.459763
2 0.370679 0.37598
1 0.252489 0.257743
1 0.207362 0.212334
2 0.222024 0.226971
1 0.249307 0.254154
1 0.187365 0.192205
2 0.195058 0.199844
1 0.154951 0.159625
2 0.630397 0.634897
2 0.41814 0.42231
1 0.350683 0.35478
1 0.776779 0.780827
2 0.315198 0.319221
1 0.215233 0.219129
1 0.282133 0.285923
2 0.383475 0.387251
2 0.739844 0.743072
1 0.614087 0.617078
1 0.662882 0.665857
1 0.648838 0.651785
2 0.239796 0.242737
2 0.232955 0.235895
1 0.325934 0.328872
2 0.4289 0.431738
1 0.241716 0.24435
1 0.485817 0.48837
1 0.432293 0.434838
1 0.465916 0.468336
2 0.629175 0.631546
2 0.406438 0.408747
1 0.403136 0.405378
1 0.434152 0.43624
1 0.196377 0.198404
1 0.26664 0.26859
1 0.189182 0.191095
1 0.209221 0.210925
1 0.269507 0.27104
1 0.17491 0.176359
2 0.290671 0.291985
1 0.679081 0.680393
2 0.400934 0.401784
2 0.190776 0.191504
1 0.129342 0.13004
1 0.776461 0.777112
1 0.280237 0.280831
2 0.353741 0.354309
2 0.222541 0.223106
1 0.322073 0.32259
1 0.230348 0.23055
1 0.402129 0.402277
1 0.476 0.47609
