1 0.725899 inf
0 0 inf
0 0 inf
0 0 inf
0 0 inf
0 0 inf
0 0 inf
0 0 inf
0 0 0.781144
0 0 0.731584
0 0 0.723397
0 0 0.721071
0 0 0.698357
0 0 0.66583
0 0 0.615427
0 0 0.591549
0 0 0.529158
0 0 0.516227
0 0 0.506486
0 0 0.496562
0 0 0.494146
0 0 0.491901
0 0 0.478031
0 0 0.477465
0 0 0.470278
0 0 0.467884
0 0 0.461051
0 0 0.454746
0 0 0.445248
0 0 0.438157
0 0 0.408874
0 0 0.408627
0 0 0.403148
0 0 0.397997
0 0 0.392956
0 0 0.385395
0 0 0.374332
0 0 0.37095
0 0 0.353926
0 0 0.350341
0 0 0.348377
0 0 0.339726
0 0 0.33496
0 0 0.331764
0 0 0.323306
0 0 0.318361
0 0 0.317154
0 0 0.316559
0 0 0.314888
0 0 0.310578
0 0 0.306408
0 0 0.296668
0 0 0.295135
0 0 0.292895
0 0 0.292733
0 0 0.290276
0 0 0.282601
0 0 0.268953
0 0 0.268759
0 0 0.267909
0 0 0.267432
0 0 0.266339
0 0 0.259492
0 0 0.25069
0 0 0.24676
0 0 0.242432
0 0 0.241176
0 0 0.238277
0 0 0.234864
0 0 0.234474
0 0 0.230456
0 0 0.229357
0 0 0.229273
0 0 0.228973
0 0 0.226934
0 0 0.225842
0 0 0.223301
0 0 0.223244
0 0 0.223244
0 0 0.222571
0 0 0.219646
0 0 0.216793
0 0 0.211487
0 0 0.210288
0 0 0.20833
0 0 0.20751
0 0 0.202587
0 0 0.201641
0 0 0.201622
0 0 0.201199
0 0 0.200613
0 0 0.200603
0 0 0.200314
0 0 0.199072
0 0 0.198862
0 0 0.196557
0 0 0.196452
0 0 0.195484
0 0 0.192582
0 0 0.191964
0 0 0.191948
0 0 0.190323
0 0 0.189549
0 0 0.189451
0 0 0.187352
0 0 0.186867
0 0 0.185819
0 0 0.184517
0 0 0.184335
0 0 0.182936
0 0 0.182925
0 0 0.182238
0 0 0.18222
0 0 0.180075
0 0 0.180047
0 0 0.175798
0 0 0.175719
0 0 0.175422
0 0 0.175005
0 0 0.173959
0 0 0.172195
0 0 0.171268
0 0 0.170761
0 0 0.169689
0 0 0.169587
0 0 0.168797
0 0 0.168054
0 0 0.167733
0 0 0.165321
0 0 0.165007
0 0 0.162214
0 0 0.160479
0 0 0.160121
0 0 0.159764
0 0 0.159176
0 0 0.157429
0 0 0.157303
0 0 0.156341
0 0 0.156259
0 0 0.155921
0 0 0.15591
0 0 0.151707
0 0 0.151434
0 0 0.149399
0 0 0.149151
0 0 0.147616
0 0 0.146855
0 0 0.14635
0 0 0.145141
0 0 0.144644
0 0 0.144596
0 0 0.144279
0 0 0.144053
0 0 0.143231
0 0 0.142775
0 0 0.142513
0 0 0.141919
0 0 0.140004
0 0 0.137975
0 0 0.137679
0 0 0.137406
0 0 0.136613
0 0 0.136425
0 0 0.136313
0 0 0.135964
0 0 0.135879
0 0 0.134997
0 0 0.134398
0 0 0.134317
0 0 0.131811
0 0 0.131449
0 0 0.129561
0 0 0.128751
0 0 0.128718
0 0 0.128121
0 0 0.127696
0 0 0.127567
0 0 0.127216
0 0 0.126659
0 0 0.124767
0 0 0.124531
0 0 0.124304
0 0 0.123057
0 0 0.121994
0 0 0.12014
0 0 0.119879
0 0 0.119568
0 0 0.119159
0 0 0.118798
0 0 0.118686
0 0 0.118447
0 0 0.118189
0 0 0.117709
0 0 0.116999
0 0 0.116927
0 0 0.116889
0 0 0.116708
0 0 0.116455
0 0 0.116281
0 0 0.11592
0 0 0.115814
0 0 0.115744
0 0 0.115653
0 0 0.115395
0 0 0.115222
0 0 0.114782
0 0 0.114553
0 0 0.114499
0 0 0.114083
0 0 0.113979
0 0 0.113556
0 0 0.11354
0 0 0.113197
0 0 0.11316
0 0 0.112964
0 0 0.112674
0 0 0.112664
0 0 0.112349
0 0 0.11115
0 0 0.110769
0 0 0.110752
0 0 0.110561
0 0 0.110482
0 0 0.110456
0 0 0.110336
0 0 0.110218
0 0 0.109943
0 0 0.109609
0 0 0.109112
0 0 0.109075
0 0 0.109042
0 0 0.108953
0 0 0.108836
0 0 0.108666
0 0 0.108541
0 0 0.10764
0 0 0.107508
0 0 0.106917
0 0 0.106748
0 0 0.10645
0 0 0.106391
0 0 0.106281
0 0 0.106074
0 0 0.105757
0 0 0.105622
0 0 0.105544
0 0 0.105424
0 0 0.105246
0 0 0.10497
0 0 0.104655
0 0 0.104306
0 0 0.104256
0 0 0.10424
0 0 0.104178
0 0 0.103981
0 0 0.103689
0 0 0.103331
0 0 0.102876
0 0 0.10237
0 0 0.102303
0 0 0.102259
0 0 0.101946
0 0 0.10191
0 0 0.101597
0 0 0.10134
0 0 0.101132
0 0 0.100801
0 0 0.100636
0 0 0.100399
0 0 0.100277
0 0 0.100264
0 0 0.10018
0 0 0.0998616
0 0 0.0995687
0 0 0.099184
0 0 0.0990464
0 0 0.0987936
0 0 0.0980336
0 0 0.0978798
0 0 0.0978243
0 0 0.0973734
0 0 0.0973301
0 0 0.0972255
0 0 0.0970273
0 0 0.0970153
0 0 0.096846
0 0 0.0968394
0 0 0.0967049
0 0 0.0966084
0 0 0.0961985
0 0 0.095825
0 0 0.0957999
0 0 0.0956785
0 0 0.0954232
0 0 0.094581
0 0 0.0941945
0 0 0.0941619
0 0 0.0939952
0 0 0.093946
0 0 0.0937263
0 0 0.0936147
0 0 0.0928994
0 0 0.0928936
0 0 0.0928575
0 0 0.0926828
0 0 0.0925897
0 0 0.0924229
0 0 0.0921277
0 0 0.0918802
0 0 0.0914242
0 0 0.0902345
0 0 0.0897843
0 0 0.0896524
0 0 0.089452
0 0 0.0889391
1 0.505682 0.594496
0 0 0.0887663
0 0 0.0883576
0 0 0.0883135
0 0 0.0880477
0 0 0.0876929
0 0 0.0873186
0 0 0.0873007
0 0 0.0869158
0 0 0.0867672
0 0 0.0851518
0 0 0.0851302
0 0 0.0848807
0 0 0.0844083
0 0 0.0840369
0 0 0.0838505
0 0 0.0837625
0 0 0.0833565
0 0 0.0828111
0 0 0.0826632
0 0 0.0823192
0 0 0.0822361
0 0 0.0818844
0 0 0.0817461
0 0 0.0813361
0 0 0.0810059
0 0 0.0808931
0 0 0.0805767
0 0 0.0804019
0 0 0.0797495
0 0 0.0790373
0 0 0.0789281
0 0 0.0783858
0 0 0.0783105
0 0 0.0780076
0 0 0.0776529
0 0 0.0775227
0 0 0.0774652
0 0 0.0774557
0 0 0.0772355
0 0 0.0770337
0 0 0.0769734
0 0 0.0767905
0 0 0.0767247
0 0 0.076512
0 0 0.0764203
0 0 0.07606
0 0 0.0760356
0 0 0.0752815
0 0 0.075205
0 0 0.0750803
0 0 0.0747183
0 0 0.0746467
0 0 0.0745047
0 0 0.0742537
0 0 0.0742174
0 0 0.0739813
0 0 0.0739311
0 0 0.0726533
0 0 0.0725645
0 0 0.0723784
0 0 0.0722835
0 0 0.0710094
0 0 0.0706655
0 0 0.0706217
0 0 0.0706171
0 0 0.0701706
0 0 0.0700501
0 0 0.0698029
0 0 0.0693428
0 0 0.0691555
0 0 0.0684711
0 0 0.0679485
1 0.425495 0.492697
0 0 0.0669936
0 0 0.0666407
0 0 0.0646718
0 0 0.0641092
0 0 0.0637991
0 0 0.0622627
0 0 0.0610378
0 0 0.0606084
0 0 0.059014
0 0 0.0572976
0 0 0.0568142
0 0 0.0559359
0 0 0.0543471
1 0.274686 0.324802
1 0.666314 0.715405
1 0.30835 0.356784
1 0.348472 0.391703
0 0 0.0431865
1 0.25059 0.289721
1 0.278089 0.314331
1 0.210723 0.246465
1 0.176061 0.210922
1 0.335593 0.369866
1 0.108219 0.139942
1 0.171273 0.20296
1 0.0976651 0.128502
1 0.521304 0.551619
1 0.667053 0.697216
1 0.0774146 0.105299
1 0.200007 0.227682
1 0.109217 0.136413
1 0.10808 0.132036
1 0.18037 0.203552
1 0.147891 0.171
1 0.120259 0.143332
1 0.10557 0.128523
1 0.28318 0.305818
1 0.24046 0.263084
1 0.299227 0.321059
1 0.112114 0.133259
1 0.109041 0.13015
1 0.364301 0.384649
1 0.258943 0.278574
1 0.183869 0.202783
1 0.18381 0.20244
1 0.1117 0.130207
1 0.132369 0.150853
1 0.113591 0.131677
1 0.325619 0.343348
1 0.114595 0.132286
1 0.417866 0.435406
1 0.118648 0.136043
1 0.115034 0.132356
1 0.123093 0.140175
1 0.131528 0.148526
1 0.102868 0.11984
1 0.136859 0.152803
1 0.156642 0.171746
2 0.121961 0.137028
1 0.104892 0.1198
1 0.117 0.131866
1 0.127169 0.141823
1 0.255987 0.270588
1 0.262428 0.277007
1 0.134694 0.149065
1 0.12676 0.14109
1 0.137264 0.151378
1 0.0943277 0.108276
1 0.23631 0.250237
1 0.143645 0.157283
1 0.149474 0.162961
2 0.151871 0.164348
1 0.125262 0.137635
1 0.175776 0.188122
1 0.0836864 0.0959777
1 0.105268 0.117259
1 0.121086 0.132849
1 0.193365 0.204838
1 0.113264 0.124662
2 0.161098 0.172386
1 0.248547 0.259793
1 0.129295 0.140511
1 0.13069 0.141823
1 0.130472 0.141581
1 0.289472 0.300516
1 0.113162 0.124169
1 0.082325 0.0932726
1 0.218267 0.229209
1 0.151938 0.16277
2 0.166544 0.177361
1 0.254967 0.265784
2 0.141968 0.152564
1 0.0813724 0.0917976
1 0.118035 0.128342
2 0.270588 0.280872
1 0.128911 0.139064
1 0.170037 0.180119
1 0.103894 0.113801
1 0.102322 0.111997
1 0.116052 0.125532
1 0.112929 0.122202
1 0.0947407 0.103919
1 0.195663 0.204838
1 0.153591 0.162596
2 0.330487 0.33946
1 0.101538 0.110385
1 0.158065 0.166767
1 0.0879324 0.0966132
1 0.11356 0.122209
2 0.149692 0.158237
1 0.175809 0.184199
1 0.114533 0.122892
1 0.139625 0.147905
1 0.116297 0.124574
1 0.13666 0.144925
1 0.0904003 0.0985347
1 0.126212 0.134332
1 0.194883 0.202849
1 0.328658 0.336549
1 0.0934478 0.101306
1 0.351935 0.359754
1 0.119549 0.127319
1 0.158354 0.166062
1 0.132196 0.139828
1 0.16067 0.168188
1 0.0907727 0.0982281
1 0.117173 0.124439
1 0.168101 0.175318
1 0.13765 0.144852
2 0.154401 0.16151
1 0.116196 0.123244
1 0.238949 0.245726
1 0.1213 0.127696
2 0.185219 0.191595
1 0.130375 0.13671
1 0.113572 0.119825
2 0.112476 0.118671
2 0.124439 0.130529
1 0.121374 0.127186
1 0.12465 0.130449
2 0.134558 0.140261
1 0.0856604 0.0913531
1 0.120826 0.126493
2 0.172323 0.17778
1 0.261806 0.267185
2 0.133504 0.138867
1 0.0984703 0.103782
1 0.123356 0.128644
1 0.281975 0.287232
1 0.113825 0.11902
1 0.104261 0.109436
1 0.123038 0.128124
1 0.108357 0.113438
1 0.130694 0.135763
1 0.106611 0.111514
1 0.134102 0.138811
1 0.212322 0.217016
1 0.134312 0.138976
1 0.137228 0.141868
2 0.136834 0.14147
1 0.13402 0.13859
2 0.146537 0.151062
1 0.090492 0.0949001
1 0.120829 0.125233
1 0.114914 0.119294
1 0.12212 0.126471
1 0.114913 0.119227
1 0.127357 0.131652
1 0.0827496 0.0868403
1 0.0901627 0.0942394
1 0.130444 0.134346
1 0.107027 0.110916
1 0.160564 0.16444
2 0.116396 0.120241
1 0.134966 0.138811
2 0.112086 0.115931
1 0.121431 0.12523
1 0.166639 0.170416
1 0.124939 0.128691
1 0.731177 0.734855
1 0.181264 0.184923
1 0.11395 0.117608
1 0.0969293 0.100513
2 0.139946 0.143488
1 0.0812371 0.0847591
2 0.139946 0.143352
1 0.13663 0.139971
1 0.157622 0.160919
1 0.12151 0.124772
1 0.234331 0.237531
1 0.217689 0.220795
1 0.141493 0.144595
1 0.12672 0.129735
1 0.134928 0.137906
2 0.137154 0.140113
2 0.142237 0.145165
1 0.108822 0.111638
1 0.10558 0.108359
2 0.211584 0.214317
2 0.211877 0.214579
1 0.143017 0.145705
2 0.159286 0.161889
1 0.178808 0.181352
2 0.146452 0.148943
1 0.183554 0.185886
1 0.0924989 0.0947663
2 0.133975 0.136222
1 0.0917019 0.0938932
2 0.158687 0.160868
1 0.176612 0.178787
1 0.185361 0.187466
2 0.118822 0.120889
2 0.144808 0.146783
2 0.623986 0.625947
2 0.106359 0.108222
2 0.264736 0.266591
1 0.109131 0.110916
2 0.206755 0.208489
1 0.117336 0.11902
1 0.143766 0.145331
1 0.0931887 0.0947318
1 0.093097 0.0944781
2 0.145052 0.14642
1 0.290674 0.29199
2 0.13446 0.135748
2 0.210922 0.21219
2 0.176855 0.178121
1 0.120886 0.122062
2 0.263084 0.264134
2 0.118822 0.119863
1 0.17322 0.174243
2 0.175344 0.176317
1 0.13082 0.131691
1 0.115356 0.11621
1 0.299585 0.300437
2 0.149128 0.149949
1 0.156564 0.15734
2 0.0958254 0.0965193
2 0.154572 0.155248
2 0.284813 0.285477
2 0.125983 0.126602
1 0.101037 0.101655
2 0.144485 0.144975
1 0.293021 0.293479
2 0.146124 0.146577
1 0.174782 0.175224
2 0.147657 0.148091
1 0.114608 0.114974
1 0.108934 0.109281
1 0.211568 0.211897
1 0.12684 0.127164
2 0.236558 0.236855
1 0.161677 0.161834
1 0.150052 0.150204
2 0.170986 0.171008
