0 0 inf
0 0 inf
0 0 inf
0 0 inf
0 0 inf
0 0 inf
0 0 inf
0 0 inf
0 0 inf
0 0 inf
0 0 inf
0 0 inf
0 0 inf
0 0 inf
0 0 inf
0 0 inf
0 0 inf
0 0 inf
0 0 0.799599
0 0 0.785627
0 0 0.76058
0 0 0.735743
0 0 0.730556
0 0 0.694229
0 0 0.68207
0 0 0.654048
0 0 0.645995
0 0 0.630614
0 0 0.630438
0 0 0.616503
0 0 0.613544
0 0 0.607368
0 0 0.585749
0 0 0.577105
0 0 0.568111
0 0 0.55584
0 0 0.54483
0 0 0.536416
0 0 0.518817
0 0 0.503542
0 0 0.50022
0 0 0.49352
0 0 0.490838
0 0 0.460775
0 0 0.453766
0 0 0.441316
0 0 0.430642
0 0 0.429744
0 0 0.428707
0 0 0.42835
0 0 0.423296
0 0 0.41996
0 0 0.402203
0 0 0.399651
0 0 0.398757
0 0 0.396747
0 0 0.386437
0 0 0.385993
0 0 0.380561
0 0 0.379593
0 0 0.376083
0 0 0.372502
0 0 0.368758
0 0 0.362143
0 0 0.358661
0 0 0.355871
0 0 0.354694
0 0 0.354508
0 0 0.350149
0 0 0.346018
0 0 0.335565
0 0 0.31726
0 0 0.312157
0 0 0.30919
0 0 0.304853
0 0 0.303454
0 0 0.302411
0 0 0.302387
0 0 0.300338
0 0 0.293343
0 0 0.292195
0 0 0.2905
0 0 0.283073
0 0 0.281708
0 0 0.27885
0 0 0.273023
0 0 0.271871
0 0 0.271623
0 0 0.271176
0 0 0.270093
0 0 0.264474
0 0 0.262726
0 0 0.262544
0 0 0.259163
0 0 0.254054
0 0 0.253136
0 0 0.252239
0 0 0.248731
0 0 0.247994
0 0 0.24248
0 0 0.240826
0 0 0.240344
0 0 0.234725
0 0 0.234547
0 0 0.234153
0 0 0.231652
0 0 0.231498
0 0 0.22993
0 0 0.222957
0 0 0.221555
0 0 0.221275
0 0 0.220492
0 0 0.220094
0 0 0.219714
0 0 0.21869
0 0 0.21779
0 0 0.216838
0 0 0.212469
0 0 0.211158
0 0 0.210056
0 0 0.209306
0 0 0.208643
0 0 0.20621
0 0 0.205826
0 0 0.203974
0 0 0.203368
0 0 0.201241
0 0 0.200089
0 0 0.200056
0 0 0.200051
0 0 0.198614
0 0 0.19716
0 0 0.197139
0 0 0.196146
0 0 0.192772
0 0 0.190623
0 0 0.19031
0 0 0.189804
0 0 0.189706
0 0 0.188535
0 0 0.188361
0 0 0.185466
0 0 0.184994
0 0 0.18388
0 0 0.182666
0 0 0.182584
0 0 0.179593
0 0 0.177971
0 0 0.177521
0 0 0.177167
0 0 0.176251
0 0 0.176199
0 0 0.174389
0 0 0.17035
0 0 0.169059
0 0 0.168476
0 0 0.166571
0 0 0.163834
0 0 0.163114
0 0 0.161727
0 0 0.16109
0 0 0.158218
0 0 0.158003
0 0 0.15799
0 0 0.157645
0 0 0.157555
0 0 0.154017
0 0 0.153943
0 0 0.15374
0 0 0.153083
0 0 0.152947
0 0 0.152409
0 0 0.152045
0 0 0.150597
0 0 0.147765
0 0 0.146101
0 0 0.145886
0 0 0.145411
0 0 0.145304
0 0 0.145234
0 0 0.143605
0 0 0.14349
0 0 0.143434
0 0 0.143039
0 0 0.141284
0 0 0.140128
0 0 0.139649
0 0 0.13926
0 0 0.139043
0 0 0.138997
0 0 0.138844
0 0 0.1362
0 0 0.135513
0 0 0.135378
0 0 0.134733
0 0 0.134671
0 0 0.134572
0 0 0.134094
0 0 0.133507
0 0 0.133039
0 0 0.131928
0 0 0.131571
0 0 0.130051
0 0 0.129894
0 0 0.129697
0 0 0.129492
0 0 0.12853
0 0 0.127799
0 0 0.125649
0 0 0.124592
0 0 0.124034
0 0 0.123822
0 0 0.123499
0 0 0.12345
0 0 0.122565
0 0 0.122245
0 0 0.122146
0 0 0.121852
0 0 0.121309
0 0 0.121168
0 0 0.120628
0 0 0.120126
0 0 0.119946
0 0 0.119847
0 0 0.119239
0 0 0.118933
0 0 0.117494
0 0 0.116322
0 0 0.115941
0 0 0.115578
0 0 0.114457
0 0 0.1141
0 0 0.113511
0 0 0.113365
0 0 0.113277
0 0 0.11325
0 0 0.113055
0 0 0.111332
0 0 0.111259
0 0 0.111198
0 0 0.109679
0 0 0.109417
0 0 0.108911
0 0 0.108796
0 0 0.108473
0 0 0.10847
0 0 0.108034
0 0 0.10793
0 0 0.10781
0 0 0.10775
0 0 0.10685
0 0 0.106497
0 0 0.105313
0 0 0.1052
0 0 0.104529
0 0 0.104285
0 0 0.104274
0 0 0.103829
0 0 0.103732
0 0 0.103671
0 0 0.10353
0 0 0.103187
0 0 0.103118
0 0 0.10259
0 0 0.102083
0 0 0.101638
0 0 0.101441
0 0 0.101269
0 0 0.100917
0 0 0.1009
0 0 0.10063
0 0 0.0987729
0 0 0.0987627
0 0 0.0985506
0 0 0.0980238
0 0 0.0978656
0 0 0.0977108
0 0 0.0970523
0 0 0.0969179
0 0 0.0964101
0 0 0.0963826
0 0 0.0962118
0 0 0.0960644
0 0 0.0959886
0 0 0.0953814
0 0 0.0952393
0 0 0.0952254
0 0 0.0951997
0 0 0.0951026
0 0 0.094784
0 0 0.0946973
0 0 0.0944034
0 0 0.0940518
0 0 0.0940223
0 0 0.0939198
0 0 0.0935989
0 0 0.0934589
0 0 0.0930378
0 0 0.0926233
0 0 0.0921268
0 0 0.091993
0 0 0.091631
0 0 0.0916015
0 0 0.0915184
0 0 0.0907881
1 0.410398 0.501145
0 0 0.090712
0 0 0.0904554
0 0 0.0903178
0 0 0.0899335
0 0 0.0898291
0 0 0.0897792
0 0 0.0897715
0 0 0.0896587
0 0 0.0896049
0 0 0.0885915
0 0 0.0885467
0 0 0.0884165
0 0 0.08834
0 0 0.0881918
0 0 0.0877449
0 0 0.0876126
0 0 0.0876063
0 0 0.0871869
0 0 0.0869142
0 0 0.0868358
0 0 0.0866896
0 0 0.0865284
0 0 0.0859536
0 0 0.0858874
0 0 0.0855569
0 0 0.0854758
0 0 0.0854276
0 0 0.0853797
0 0 0.085346
0 0 0.0851374
0 0 0.0851149
0 0 0.0849705
0 0 0.0849532
0 0 0.0847159
0 0 0.0846131
0 0 0.0845891
0 0 0.0844821
0 0 0.0844739
0 0 0.0843962
0 0 0.0842308
0 0 0.0838727
0 0 0.0837415
0 0 0.0835557
0 0 0.0832623
0 0 0.0831727
0 0 0.0831532
0 0 0.0828878
0 0 0.0827929
0 0 0.0827896
0 0 0.0827558
0 0 0.0821046
0 0 0.0819017
0 0 0.0816062
0 0 0.0815973
0 0 0.081515
0 0 0.0813253
0 0 0.0809668
0 0 0.0804301
0 0 0.0803571
0 0 0.0803035
0 0 0.0795042
0 0 0.0793417
0 0 0.0791003
0 0 0.0789343
0 0 0.0782722
0 0 0.0780744
0 0 0.0779926
0 0 0.0779483
0 0 0.0771812
0 0 0.0770675
0 0 0.0768729
0 0 0.0766048
1 0.466432 0.542759
0 0 0.0748867
0 0 0.0744034
0 0 0.0740274
0 0 0.0738536
0 0 0.0737033
0 0 0.0736381
0 0 0.0731505
0 0 0.0720584
0 0 0.0719339
0 0 0.0712258
0 0 0.0702708
0 0 0.069336
0 0 0.069165
1 0.714033 0.782513
0 0 0.0679309
1 0.414105 0.480823
0 0 0.0663657
0 0 0.0656574
0 0 0.0650968
0 0 0.0633575
0 0 0.0620911
0 0 0.0608225
0 0 0.0592054
0 0 0.055868
1 0.252242 0.305919
0 0 0.0509
1 0.357558 0.40142
1 0.25214 0.293734
1 0.223039 0.254546
1 0.123196 0.154433
1 0.291345 0.320757
1 0.207738 0.23635
1 0.118859 0.145991
1 0.443208 0.466407
1 0.10837 0.130635
1 0.127067 0.149106
1 0.14097 0.162602
1 0.0986231 0.119874
1 0.132043 0.152817
1 0.0888968 0.109503
1 0.147905 0.168293
1 0.141252 0.161561
1 0.446617 0.466407
1 0.404955 0.424647
1 0.677993 0.697529
1 0.256237 0.275689
1 0.131505 0.150735
1 0.102768 0.12155
1 0.103391 0.121777
1 0.101046 0.119422
1 0.290733 0.308373
1 0.129116 0.145828
1 0.103493 0.119874
1 0.105551 0.121797
1 0.176764 0.192798
1 0.100013 0.115476
1 0.108662 0.123932
1 0.0855209 0.100083
1 0.0853218 0.0998594
1 0.236618 0.251151
1 0.129893 0.144296
1 0.211336 0.225501
1 0.0911493 0.105222
1 0.229348 0.243102
1 0.146791 0.160402
1 0.106433 0.119992
1 0.16655 0.179642
1 0.0959349 0.108995
1 0.114968 0.128025
1 0.13371 0.146117
2 0.155148 0.167424
1 0.110283 0.122471
1 0.089355 0.101459
1 0.115953 0.128017
1 0.0988868 0.110663
1 0.152886 0.164614
1 0.151722 0.1633
1 0.10169 0.113211
1 0.092806 0.10425
1 0.112377 0.123789
1 0.101911 0.112633
1 0.131584 0.142196
1 0.0857932 0.0963385
1 0.0872244 0.097662
1 0.102203 0.112517
1 0.66892 0.678965
1 0.11057 0.120538
1 0.188401 0.198313
1 0.311242 0.321028
1 0.14652 0.15621
1 0.125568 0.135078
1 0.0901773 0.0996509
1 0.0866443 0.09604
1 0.093275 0.102573
1 0.154675 0.163889
2 0.152703 0.161913
1 0.422867 0.432067
1 0.0907816 0.0999129
1 0.110461 0.11959
1 0.130984 0.140065
1 0.333829 0.342857
1 0.0976052 0.106622
2 0.129342 0.138287
1 0.0885185 0.0974102
1 0.131211 0.139911
1 0.112265 0.120819
1 0.100292 0.108821
1 0.109946 0.118424
2 0.123987 0.132155
1 0.09953 0.107597
1 0.0859722 0.0940127
1 0.122474 0.130433
2 0.16765 0.175544
1 0.0918669 0.0997427
1 0.262367 0.270227
1 0.117796 0.125603
1 0.16292 0.170717
2 0.114972 0.122758
1 0.0962317 0.103928
1 0.102989 0.110656
1 0.111076 0.118732
1 0.133577 0.141158
1 0.15895 0.166413
1 0.1103 0.117763
1 0.107879 0.115284
1 0.314066 0.321399
1 0.108349 0.115575
2 0.12516 0.132383
1 0.220773 0.227996
1 0.184701 0.191803
2 0.111053 0.118138
1 0.114034 0.12102
1 0.116893 0.123831
2 0.103847 0.110628
1 0.205252 0.211918
1 0.103095 0.109717
1 0.101581 0.108134
1 0.184472 0.190967
1 0.126624 0.133108
1 0.117053 0.123395
1 0.14457 0.150886
1 0.101949 0.108256
2 0.232549 0.238751
2 0.123041 0.129233
2 0.157277 0.163386
1 0.111401 0.117493
1 0.0921999 0.0982016
1 0.0920261 0.0980065
2 0.126778 0.132747
1 0.108836 0.114737
1 0.110294 0.116149
1 0.0884544 0.0941051
1 0.117867 0.123455
2 0.223732 0.22927
1 0.190276 0.195746
1 0.192906 0.198313
1 0.0959396 0.101342
2 0.131273 0.136651
1 0.109569 0.114889
2 0.117801 0.123117
1 0.104173 0.109446
1 0.132331 0.137576
1 0.157333 0.162546
1 0.277052 0.282263
2 0.103967 0.109143
2 0.11645 0.121559
1 0.133381 0.138448
2 0.123831 0.128781
1 0.115951 0.120896
2 0.116721 0.121646
2 0.127379 0.132256
1 0.0985398 0.103391
1 0.0977023 0.102534
2 0.129656 0.134435
2 0.101764 0.106501
1 0.215582 0.220305
2 0.221879 0.226509
1 0.205416 0.210041
2 0.122105 0.126686
1 0.184481 0.189044
1 0.114847 0.119388
1 0.104674 0.109208
1 0.121816 0.126298
1 0.105894 0.110369
1 0.116948 0.121361
1 0.232687 0.236964
1 0.137257 0.141498
1 0.0940336 0.0982728
1 0.0870622 0.0912742
1 0.106747 0.110952
2 0.101761 0.105793
1 0.0991143 0.103142
1 0.094323 0.0982658
2 0.111751 0.115669
2 0.140618 0.144452
1 0.0917071 0.0955339
1 0.106013 0.109799
1 0.316051 0.319755
2 0.1141 0.117796
2 0.129051 0.132701
1 0.115344 0.118868
2 0.118181 0.121625
1 0.125288 0.128542
2 0.134945 0.138186
2 0.11841 0.121646
1 0.116642 0.11984
2 0.118682 0.121848
1 0.115446 0.118581
1 0.136866 0.139865
1 0.0863205 0.0892108
2 0.116715 0.119561
2 0.101764 0.10457
1 0.210919 0.213716
1 0.218146 0.220848
1 0.185834 0.188442
1 0.127655 0.130221
2 0.1305 0.133024
2 0.108048 0.110481
1 0.105524 0.107954
1 0.124419 0.126838
2 0.125044 0.127417
2 0.107523 0.10985
1 0.110924 0.113238
2 0.132953 0.135223
2 0.133506 0.135752
1 0.124855 0.127095
2 0.116412 0.118641
2 0.10157 0.103647
2 0.130219 0.132256
2 0.138083 0.140102
1 0.0999088 0.101867
2 0.125275 0.127214
2 0.119545 0.121481
2 0.201887 0.203787
2 0.126616 0.128496
1 0.107345 0.109208
1 0.10161 0.103472
1 0.118153 0.11994
1 0.207432 0.209197
1 0.0989052 0.100644
1 0.103504 0.105163
2 0.140507 0.142154
1 0.120807 0.122393
2 0.116342 0.117891
2 0.108256 0.109797
2 0.110661 0.112164
2 0.110663 0.112164
1 0.100995 0.102476
1 0.123517 0.124963
1 0.137557 0.138955
1 0.110826 0.112176
2 0.134392 0.13574
2 0.16997 0.171317
1 0.111197 0.112517
1 0.124194 0.125432
2 0.133084 0.134293
2 0.125044 0.126219
1 0.111862 0.11291
2 0.203792 0.204836
2 0.0982728 0.0992894
2 0.140536 0.141545
1 0.0981234 0.0991178
1 0.0902978 0.0912742
1 0.0945591 0.0955339
2 0.113286 0.114239
2 0.130668 0.131612
1 0.104833 0.105743
1 0.106479 0.10738
1 0.111509 0.112402
1 0.0964864 0.0973722
2 0.103801 0.104646
1 0.104527 0.105342
1 0.165104 0.165893
2 0.232074 0.232782
2 0.151211 0.151895
1 0.114106 0.114782
1 0.125509 0.126133
2 0.128428 0.129009
2 0.468063 0.468604
1 0.101606 0.102129
2 0.126188 0.126686
1 0.122425 0.122873
2 0.124181 0.124628
2 0.115275 0.115706
1 0.101017 0.101421
1 0.110252 0.11065
2 0.120101 0.120487
1 0.306823 0.307192
2 0.189288 0.189631
2 0.149106 0.149403
1 0.0914721 0.091764
1 0.104954 0.105239
2 0.126887 0.127145
1 0.0919789 0.0921986
2 0.136211 0.136407
2 0.107597 0.10779
1 0.0855285 0.0856317
1 0.116439 0.116516
2 0.11863 0.1187
2 0.125399 0.125458
1 0.104702 0.10476
