1 0.799899 inf
0 0 inf
0 0 inf
0 0 inf
0 0 inf
0 0 inf
0 0 inf
0 0 inf
0 0 inf
0 0 inf
0 0 inf
0 0 inf
0 0 inf
0 0 inf
0 0 0.793142
0 0 0.785626
0 0 0.747804
0 0 0.72736
0 0 0.690949
0 0 0.686402
0 0 0.64773
0 0 0.635467
0 0 0.629825
0 0 0.614988
0 0 0.611462
0 0 0.556271
0 0 0.550552
0 0 0.545168
0 0 0.542103
0 0 0.524313
0 0 0.482988
0 0 0.481224
0 0 0.473845
0 0 0.468065
0 0 0.456882
0 0 0.436393
0 0 0.398447
0 0 0.394109
0 0 0.389045
0 0 0.368305
0 0 0.359607
0 0 0.349414
0 0 0.341484
0 0 0.336304
0 0 0.33515
0 0 0.326161
0 0 0.326009
0 0 0.316115
0 0 0.311342
0 0 0.307182
0 0 0.303768
0 0 0.299396
0 0 0.292568
0 0 0.283797
0 0 0.282773
0 0 0.273241
0 0 0.272167
0 0 0.267411
0 0 0.265536
0 0 0.265287
0 0 0.262798
0 0 0.261809
0 0 0.25651
0 0 0.248735
0 0 0.241445
0 0 0.235754
0 0 0.233938
0 0 0.230036
0 0 0.228894
0 0 0.228342
0 0 0.227922
0 0 0.216644
0 0 0.213959
0 0 0.213769
0 0 0.212872
0 0 0.209016
0 0 0.206017
0 0 0.203681
0 0 0.20288
0 0 0.199709
0 0 0.198702
0 0 0.197086
0 0 0.19623
0 0 0.195232
0 0 0.190335
0 0 0.187951
0 0 0.183547
0 0 0.182853
0 0 0.182744
0 0 0.181105
0 0 0.17501
0 0 0.174806
0 0 0.173917
0 0 0.173061
0 0 0.165586
0 0 0.165181
0 0 0.164461
0 0 0.164318
0 0 0.162984
0 0 0.161074
0 0 0.161
0 0 0.159226
0 0 0.158118
0 0 0.157926
0 0 0.157812
0 0 0.15717
0 0 0.156622
0 0 0.156378
0 0 0.155039
0 0 0.153348
0 0 0.153344
0 0 0.153171
0 0 0.152873
0 0 0.152614
0 0 0.150873
0 0 0.150548
0 0 0.149411
0 0 0.147931
0 0 0.145395
0 0 0.143769
0 0 0.143555
0 0 0.14342
0 0 0.143341
0 0 0.140503
0 0 0.139696
0 0 0.139079
0 0 0.137741
0 0 0.13771
0 0 0.137255
0 0 0.136021
0 0 0.134239
0 0 0.133594
0 0 0.132867
0 0 0.13232
0 0 0.130455
0 0 0.128003
0 0 0.127687
0 0 0.127667
0 0 0.127603
0 0 0.127507
0 0 0.127043
0 0 0.126573
0 0 0.125095
0 0 0.124307
0 0 0.124114
0 0 0.121706
0 0 0.120481
0 0 0.119792
0 0 0.119597
0 0 0.11927
0 0 0.119183
0 0 0.118247
0 0 0.118118
0 0 0.118118
0 0 0.117965
0 0 0.117608
0 0 0.11652
0 0 0.116431
0 0 0.115872
0 0 0.115561
0 0 0.114894
0 0 0.113771
0 0 0.113366
0 0 0.112772
0 0 0.112067
0 0 0.112062
0 0 0.110923
0 0 0.110781
0 0 0.109364
0 0 0.109268
0 0 0.108261
0 0 0.107721
0 0 0.107117
0 0 0.106954
0 0 0.10674
0 0 0.105474
0 0 0.105468
0 0 0.105364
0 0 0.105287
0 0 0.104516
0 0 0.104442
0 0 0.10442
0 0 0.104398
0 0 0.103465
0 0 0.102864
0 0 0.102654
0 0 0.102421
0 0 0.102311
0 0 0.102212
0 0 0.10174
0 0 0.101008
0 0 0.100535
0 0 0.0999301
0 0 0.0993687
0 0 0.0989468
0 0 0.0980536
0 0 0.0969979
0 0 0.0969785
0 0 0.0968225
0 0 0.0965423
0 0 0.0964281
0 0 0.0963165
0 0 0.0960547
0 0 0.0960403
0 0 0.0959405
0 0 0.0954417
0 0 0.0953464
0 0 0.0953439
0 0 0.0952142
0 0 0.0951833
0 0 0.0948265
0 0 0.0944442
0 0 0.0939347
0 0 0.0937927
0 0 0.0936576
0 0 0.0932575
1 0.336446 0.429453
0 0 0.0929832
0 0 0.0926839
0 0 0.0926816
0 0 0.092593
0 0 0.0922992
0 0 0.0918507
0 0 0.0917978
0 0 0.0915672
0 0 0.0910726
0 0 0.0909652
0 0 0.0904488
0 0 0.0900225
0 0 0.0895341
0 0 0.089517
0 0 0.0894941
0 0 0.0894369
0 0 0.0888424
0 0 0.0888276
0 0 0.0883961
0 0 0.0883757
0 0 0.0878718
0 0 0.0876656
0 0 0.0869306
0 0 0.0868533
0 0 0.0866297
0 0 0.0864491
0 0 0.0858571
0 0 0.0850784
0 0 0.0848959
0 0 0.0843653
0 0 0.0842372
0 0 0.084181
0 0 0.083944
0 0 0.0838985
0 0 0.0831774
0 0 0.0831217
0 0 0.0827751
0 0 0.0824474
0 0 0.0817941
0 0 0.0817771
0 0 0.0812964
0 0 0.0810849
0 0 0.0810194
0 0 0.0806775
0 0 0.0805361
0 0 0.0802479
0 0 0.08008
0 0 0.0799847
0 0 0.0791051
0 0 0.0790432
0 0 0.0790027
0 0 0.0788179
0 0 0.0786367
0 0 0.0786034
0 0 0.0782894
0 0 0.0780826
0 0 0.0780682
0 0 0.0780474
0 0 0.0779953
0 0 0.0779517
0 0 0.0777017
0 0 0.0776737
0 0 0.0773767
0 0 0.0766661
0 0 0.076337
0 0 0.0761785
0 0 0.0758665
0 0 0.0756432
0 0 0.0755612
0 0 0.0754695
0 0 0.0753519
0 0 0.0751514
0 0 0.0749246
0 0 0.0748728
0 0 0.0747647
0 0 0.0746139
0 0 0.0745827
0 0 0.0745162
0 0 0.0743584
0 0 0.0742473
0 0 0.07423
0 0 0.0740026
0 0 0.0738529
0 0 0.0738414
0 0 0.0736518
0 0 0.0736073
0 0 0.0733019
0 0 0.0731619
0 0 0.0731322
0 0 0.0731108
0 0 0.0729419
0 0 0.0729374
0 0 0.0727335
0 0 0.072648
0 0 0.072618
0 0 0.0725984
0 0 0.0725362
0 0 0.0723494
0 0 0.0722626
0 0 0.0722596
0 0 0.072025
0 0 0.0717911
0 0 0.0717259
0 0 0.0717212
0 0 0.0715457
0 0 0.0714708
0 0 0.07136
0 0 0.071255
0 0 0.0711127
0 0 0.0711091
0 0 0.0710475
0 0 0.0709419
0 0 0.0708217
0 0 0.0706782
0 0 0.0703762
0 0 0.0703306
0 0 0.0702818
0 0 0.0702607
0 0 0.0700219
0 0 0.0697531
0 0 0.0695735
0 0 0.0695321
0 0 0.0693892
0 0 0.069271
0 0 0.0691845
0 0 0.0690911
0 0 0.0688334
0 0 0.0687826
0 0 0.0686902
0 0 0.0684738
0 0 0.0683658
0 0 0.0681386
0 0 0.0680578
0 0 0.0676886
0 0 0.0675433
0 0 0.0675168
0 0 0.0674727
0 0 0.0674576
0 0 0.0673484
0 0 0.0671288
0 0 0.0667979
0 0 0.0667751
0 0 0.0667629
0 0 0.0665678
0 0 0.066338
0 0 0.0661411
0 0 0.0658942
0 0 0.0658814
0 0 0.065527
0 0 0.0654906
0 0 0.0654706
0 0 0.0653015
0 0 0.0646661
0 0 0.0642002
0 0 0.0640803
0 0 0.0640149
0 0 0.0636891
0 0 0.0636541
0 0 0.0633186
0 0 0.0632863
0 0 0.063191
0 0 0.0629821
0 0 0.0629732
0 0 0.0629304
0 0 0.0622652
0 0 0.0622584
0 0 0.06196
0 0 0.0618589
0 0 0.0600406
0 0 0.0600375
0 0 0.0594762
0 0 0.0590672
0 0 0.0585777
0 0 0.0584891
0 0 0.0584235
0 0 0.0583878
0 0 0.0580017
0 0 0.0579746
0 0 0.0575123
0 0 0.0574051
0 0 0.0573758
0 0 0.0547186
0 0 0.0544857
0 0 0.0519876
0 0 0.0490505
1 0.440972 0.483157
1 0.146139 0.177614
1 0.188326 0.219632
1 0.434862 0.460325
1 0.128922 0.154022
1 0.545305 0.570245
1 0.117351 0.139171
1 0.0976828 0.117213
1 0.12335 0.141193
1 0.138949 0.154697
1 0.102324 0.117953
1 0.0989228 0.114197
1 0.114452 0.128563
2 0.143593 0.15759
1 0.0744337 0.0883793
1 0.197596 0.211344
1 0.112204 0.125191
1 0.0938776 0.106758
1 0.209746 0.222597
1 0.12742 0.140175
1 0.294386 0.306977
2 0.1359 0.148252
1 0.15898 0.171248
1 0.107952 0.120118
1 0.213872 0.225887
1 0.0730082 0.0849346
1 0.0872859 0.0990827
1 0.117939 0.129521
1 0.121526 0.133057
1 0.295685 0.306977
1 0.107764 0.118934
1 0.0772078 0.0880218
1 0.0838382 0.0946513
1 0.152363 0.162867
1 0.0810843 0.0913407
1 0.10335 0.113306
1 0.0942602 0.104143
1 0.0905746 0.100305
1 0.228058 0.237582
1 0.0794258 0.0887934
1 0.0783781 0.0875653
1 0.222659 0.2318
1 0.136877 0.145828
1 0.0662611 0.0751729
1 0.113995 0.122803
1 0.110979 0.119764
1 0.132124 0.14082
1 0.105539 0.114197
1 0.099516 0.108118
1 0.144424 0.152965
1 0.0901752 0.0987032
1 0.0696107 0.0781257
1 0.0813724 0.0895843
1 0.0809256 0.0891359
1 0.0749344 0.0831003
1 0.0847454 0.0929022
1 0.0747166 0.0827844
1 0.146093 0.15401
1 0.188369 0.19628
1 0.116435 0.124295
1 0.0976882 0.105545
1 0.0757359 0.0835655
1 0.0782908 0.0861045
1 0.0748362 0.0826441
1 0.0791451 0.0868817
1 0.0807706 0.0884572
1 0.0681682 0.0755336
1 0.14708 0.15421
1 0.0818844 0.0890019
1 0.0756991 0.0827844
1 0.0945809 0.101634
1 0.206872 0.213903
1 0.172175 0.179145
2 0.0887934 0.0957153
1 0.105912 0.112807
1 0.0870936 0.0939658
1 0.296568 0.30339
1 0.0788143 0.0856005
1 0.280419 0.286979
1 0.0893492 0.0958599
1 0.113413 0.119864
2 0.0881916 0.0946
2 0.104524 0.110895
1 0.0968345 0.103175
1 0.0966188 0.102804
1 0.107687 0.113855
1 0.645236 0.651398
1 0.0746843 0.0807734
1 0.0674375 0.0734492
1 0.094679 0.100653
1 0.0795627 0.0855032
1 0.0684605 0.0743782
1 0.0691222 0.0750282
1 0.0836942 0.0894776
1 0.153184 0.158916
2 0.0860906 0.0918192
1 0.112569 0.118294
1 0.0710723 0.0766791
1 0.080925 0.0865269
1 0.0826859 0.0882865
1 0.111228 0.116744
1 0.0963525 0.101853
1 0.0811721 0.0866104
1 0.0716292 0.0769756
1 0.0764336 0.0816443
1 0.301783 0.306977
1 0.0668233 0.0719999
1 0.0890078 0.0941409
1 0.0854429 0.0904644
1 0.0666274 0.0713465
1 0.26655 0.271171
2 0.101378 0.105955
1 0.0843093 0.0888078
1 0.0685549 0.0730311
1 0.072135 0.0765926
2 0.122808 0.12726
1 0.0700862 0.0742795
1 0.240367 0.244443
1 0.0714736 0.0755496
1 0.0826958 0.086696
1 0.136189 0.140175
1 0.0886776 0.0925522
2 0.090735 0.094566
2 0.102133 0.105955
1 0.0944066 0.0982272
1 0.0837311 0.0875321
1 0.0824616 0.0862579
1 0.153663 0.157437
1 0.0900605 0.0937877
1 0.0873618 0.0910274
2 0.139126 0.142789
1 0.153464 0.157125
1 0.0827468 0.0863771
1 0.081594 0.0851682
2 0.171248 0.174733
1 0.0748181 0.0782861
1 0.234501 0.237839
1 0.0731921 0.0764837
2 0.0865269 0.0897928
1 0.0816382 0.0849006
2 0.132312 0.135506
1 0.116988 0.120159
2 0.0903651 0.0935164
1 0.0862133 0.0893169
1 0.105689 0.108721
2 0.0925556 0.0953755
1 0.0876331 0.0904178
2 0.100159 0.102885
1 0.0831514 0.0858734
1 0.0693231 0.0719999
2 0.0970603 0.0997182
1 0.0821547 0.0847779
1 0.77358 0.776188
1 0.106082 0.108678
1 0.069683 0.0722244
1 0.19883 0.201366
1 0.0739588 0.0764838
1 0.0966966 0.0992208
1 0.0995899 0.102102
1 0.0771185 0.0796266
1 0.110889 0.113383
1 0.12351 0.126
1 0.0844148 0.0868732
1 0.10037 0.10282
1 0.09517 0.0975888
1 0.0708999 0.0733125
1 0.137719 0.140121
1 0.0970579 0.0994163
1 0.0833792 0.0857358
2 0.105591 0.107924
1 0.125665 0.127975
2 0.084795 0.08709
1 0.113107 0.115396
1 0.0946118 0.0968178
1 0.364833 0.366996
1 0.080353 0.0825138
2 0.0845589 0.0867001
1 0.074591 0.076719
1 0.0918967 0.0940163
2 0.0922164 0.0942994
2 0.0888078 0.0908151
2 0.0927414 0.0947121
2 0.0891982 0.0911525
1 0.0776955 0.0796266
1 0.0814418 0.0833655
2 0.0944243 0.0963444
2 0.0989955 0.10091
1 0.0847079 0.0866126
1 0.10751 0.109377
2 0.0784719 0.08033
1 0.0815156 0.0833508
1 0.0940734 0.0959006
1 0.168964 0.170755
1 0.0879795 0.0897605
2 0.106194 0.107942
1 0.137891 0.139626
1 0.11256 0.114228
1 0.0748586 0.076423
2 0.0821216 0.0836664
1 0.230549 0.232092
1 0.164142 0.1656
2 0.100703 0.102104
1 0.0822968 0.083644
1 0.0719167 0.0732178
1 0.0808614 0.0821216
2 0.117975 0.119216
1 0.197429 0.198649
1 0.63455 0.63575
1 0.076564 0.0777446
1 0.0707135 0.0718812
2 0.0852402 0.0863499
1 0.0917456 0.0928552
1 0.0803802 0.0814836
1 0.0760314 0.0771232
1 0.127104 0.128189
1 0.0921376 0.0932125
1 0.0928863 0.0939528
1 0.115878 0.116892
1 0.0886122 0.0895743
2 0.0919294 0.0928898
1 0.0845161 0.0854479
1 0.0820329 0.0829458
2 0.0906761 0.091583
1 0.113292 0.114197
1 0.0787731 0.0796484
2 0.105104 0.105955
2 0.0938321 0.0946747
2 0.090826 0.091601
1 0.219406 0.220162
1 0.0857135 0.0864452
1 0.164097 0.164808
2 0.115819 0.116512
1 0.0827033 0.08339
2 0.0854713 0.0861535
1 0.100269 0.100924
2 0.0783918 0.0790026
2 0.153195 0.153733
2 0.0868732 0.0873582
1 0.130634 0.131114
2 0.0993927 0.0998378
1 0.0962752 0.0967188
1 0.14922 0.149614
1 0.0754537 0.075814
1 0.0841925 0.08454
1 0.0741999 0.074475
2 0.0828132 0.0830612
1 0.0810389 0.0812753
1 0.0858239 0.0860527
2 0.0961329 0.0963437
1 0.082564 0.0827632
1 0.0979508 0.0981484
2 0.0956067 0.0957769
1 0.0966461 0.0968067
1 0.114074 0.114229
1 0.0723894 0.0725336
2 0.0774908 0.0776232
1 0.0961117 0.0962366
1 0.0987478 0.0988632
1 0.077409 0.0775222
2 0.091906 0.0920178
2 0.124744 0.124842
1 0.070712 0.0708081
2 0.0914961 0.091583
2 0.0914961 0.091583
2 0.0785861 0.0786396
1 0.0824082 0.0824616
2 0.0966219 0.0966664
2 0.0941627 0.0942071
2 0.090717 0.0907564
2 0.0972348 0.097266
2 0.114182 0.114203
