0 0 inf
0 0 inf
0 0 inf
0 0 inf
0 0 inf
0 0 inf
0 0 inf
0 0 inf
0 0 inf
0 0 inf
0 0 inf
0 0 inf
0 0 inf
0 0 inf
0 0 inf
0 0 inf
0 0 inf
0 0 inf
0 0 inf
0 0 inf
0 0 inf
0 0 inf
0 0 inf
0 0 inf
0 0 inf
1 0.668072 inf
0 0 0.795814
0 0 0.774989
0 0 0.723316
0 0 0.714954
0 0 0.695102
0 0 0.694467
0 0 0.683043
0 0 0.673815
0 0 0.671446
0 0 0.661872
0 0 0.657105
0 0 0.638065
0 0 0.635225
0 0 0.634218
0 0 0.625764
0 0 0.6246
0 0 0.62072
0 0 0.620453
0 0 0.619451
0 0 0.602055
0 0 0.598574
0 0 0.597043
0 0 0.591069
0 0 0.580189
0 0 0.577903
0 0 0.576106
0 0 0.573176
0 0 0.556871
0 0 0.553739
0 0 0.551974
0 0 0.551309
0 0 0.550622
0 0 0.550255
0 0 0.544564
0 0 0.536954
0 0 0.532115
0 0 0.530695
0 0 0.526931
0 0 0.524909
0 0 0.518245
0 0 0.515769
0 0 0.515754
0 0 0.515615
0 0 0.512249
0 0 0.511476
0 0 0.50814
0 0 0.507101
0 0 0.504987
0 0 0.501159
0 0 0.499849
0 0 0.497621
0 0 0.49079
0 0 0.489875
0 0 0.489242
0 0 0.487542
0 0 0.487065
0 0 0.48464
0 0 0.48349
0 0 0.479681
0 0 0.476854
0 0 0.474301
0 0 0.473582
0 0 0.471662
0 0 0.469434
0 0 0.46924
0 0 0.468695
0 0 0.458965
0 0 0.456511
0 0 0.456316
0 0 0.455813
0 0 0.452535
0 0 0.446561
0 0 0.446082
0 0 0.445042
0 0 0.444113
0 0 0.443349
0 0 0.443281
0 0 0.44104
0 0 0.440326
0 0 0.438726
0 0 0.434953
0 0 0.428184
0 0 0.427875
0 0 0.422831
0 0 0.419698
0 0 0.418275
0 0 0.417988
0 0 0.414924
0 0 0.414757
0 0 0.410948
0 0 0.410291
0 0 0.409299
0 0 0.409035
0 0 0.406991
0 0 0.404747
0 0 0.40434
0 0 0.404254
0 0 0.402135
0 0 0.399325
0 0 0.394686
0 0 0.39396
0 0 0.39376
0 0 0.389962
0 0 0.389252
0 0 0.388748
0 0 0.387644
0 0 0.383658
0 0 0.383598
0 0 0.382025
0 0 0.381725
0 0 0.381471
0 0 0.381289
0 0 0.380357
0 0 0.379369
0 0 0.378519
0 0 0.378435
0 0 0.376694
0 0 0.376207
0 0 0.372529
0 0 0.36884
0 0 0.366652
0 0 0.366292
0 0 0.365957
0 0 0.363758
0 0 0.363617
0 0 0.363097
0 0 0.362823
0 0 0.362503
0 0 0.362428
0 0 0.359743
0 0 0.359717
0 0 0.358231
0 0 0.357747
0 0 0.356462
0 0 0.356401
0 0 0.355824
0 0 0.354722
0 0 0.35183
0 0 0.350564
0 0 0.349873
0 0 0.349143
0 0 0.345881
0 0 0.344794
0 0 0.343759
0 0 0.343614
0 0 0.343443
0 0 0.343338
0 0 0.340777
0 0 0.339828
0 0 0.339769
0 0 0.339681
0 0 0.335932
0 0 0.335271
0 0 0.330505
0 0 0.330362
0 0 0.328752
0 0 0.328661
0 0 0.324987
0 0 0.321698
0 0 0.321574
0 0 0.321536
0 0 0.321253
0 0 0.320639
0 0 0.317888
0 0 0.317271
0 0 0.316008
0 0 0.314686
0 0 0.314078
0 0 0.312091
0 0 0.31091
0 0 0.310672
0 0 0.309489
0 0 0.309358
0 0 0.308795
0 0 0.307046
0 0 0.305652
0 0 0.303744
0 0 0.303235
0 0 0.301699
0 0 0.301604
0 0 0.300598
0 0 0.299328
0 0 0.297569
0 0 0.297133
0 0 0.296874
0 0 0.294985
0 0 0.293968
0 0 0.293701
0 0 0.290624
0 0 0.290295
0 0 0.289859
0 0 0.289637
0 0 0.289092
0 0 0.288852
0 0 0.288198
0 0 0.286873
0 0 0.285394
0 0 0.282858
0 0 0.282118
0 0 0.281295
0 0 0.280857
0 0 0.280427
0 0 0.279579
0 0 0.279027
0 0 0.275765
0 0 0.273087
0 0 0.272028
0 0 0.271108
0 0 0.27009
0 0 0.269726
0 0 0.269001
0 0 0.267527
0 0 0.26719
0 0 0.267189
0 0 0.266983
0 0 0.266864
0 0 0.266547
0 0 0.265929
0 0 0.265053
0 0 0.264857
0 0 0.263798
0 0 0.263228
0 0 0.262528
0 0 0.260878
0 0 0.260852
0 0 0.260809
0 0 0.260066
0 0 0.257178
0 0 0.257016
0 0 0.256068
0 0 0.255194
0 0 0.252885
0 0 0.251719
0 0 0.251316
0 0 0.250352
0 0 0.24949
0 0 0.248705
0 0 0.248201
0 0 0.24727
0 0 0.246795
0 0 0.245983
0 0 0.243357
0 0 0.242174
0 0 0.240516
0 0 0.239437
0 0 0.238839
0 0 0.238439
0 0 0.237936
0 0 0.236425
0 0 0.234818
0 0 0.233545
0 0 0.23279
0 0 0.231829
0 0 0.229706
0 0 0.228303
0 0 0.227739
0 0 0.226867
0 0 0.226789
0 0 0.226279
0 0 0.225545
0 0 0.225337
0 0 0.223753
0 0 0.22226
0 0 0.222229
0 0 0.221332
0 0 0.218341
0 0 0.218139
0 0 0.21667
0 0 0.215558
0 0 0.213693
0 0 0.211992
0 0 0.2104
0 0 0.209452
0 0 0.207512
0 0 0.207122
0 0 0.206708
0 0 0.206259
0 0 0.205548
0 0 0.205216
0 0 0.204607
0 0 0.203616
0 0 0.203343
0 0 0.2026
0 0 0.201894
0 0 0.201427
0 0 0.199566
0 0 0.199263
0 0 0.198641
0 0 0.198443
0 0 0.198433
0 0 0.19669
0 0 0.195818
0 0 0.195613
0 0 0.19446
0 0 0.192288
0 0 0.190308
0 0 0.189229
0 0 0.189161
0 0 0.188468
0 0 0.187501
0 0 0.187468
0 0 0.187255
0 0 0.187166
0 0 0.186562
0 0 0.186015
0 0 0.185877
0 0 0.183609
0 0 0.183226
0 0 0.183033
0 0 0.182605
0 0 0.18171
0 0 0.180317
0 0 0.177788
0 0 0.177187
0 0 0.177166
0 0 0.176794
0 0 0.176524
0 0 0.176437
0 0 0.176345
0 0 0.175969
0 0 0.175223
0 0 0.174117
0 0 0.171315
0 0 0.171044
0 0 0.170474
0 0 0.167423
0 0 0.16681
0 0 0.16583
0 0 0.165179
0 0 0.164907
0 0 0.164591
0 0 0.164062
0 0 0.163489
0 0 0.15983
0 0 0.159016
0 0 0.15865
0 0 0.158548
0 0 0.15768
0 0 0.157023
0 0 0.156693
0 0 0.156542
0 0 0.156363
0 0 0.155716
0 0 0.155308
0 0 0.152376
0 0 0.151238
0 0 0.150907
0 0 0.150769
0 0 0.149662
0 0 0.14677
0 0 0.145492
0 0 0.14531
0 0 0.140943
0 0 0.138583
0 0 0.135582
0 0 0.135198
0 0 0.134314
0 0 0.134222
0 0 0.133016
0 0 0.132583
0 0 0.131847
0 0 0.131631
0 0 0.130005
0 0 0.128125
0 0 0.127918
0 0 0.120615
0 0 0.118393
0 0 0.117923
0 0 0.114844
0 0 0.113047
1 0.570566 0.683446
1 0.380004 0.485212
0 0 0.102693
1 0.628397 0.7307
0 0 0.10158
0 0 0.101025
1 0.51946 0.620375
1 0.382963 0.477984
0 0 0.0900243
0 0 0.0834156
1 0.501366 0.576336
1 0.573398 0.643298
1 0.391369 0.460848
1 0.435107 0.503734
1 0.452964 0.519862
1 0.670761 0.737204
1 0.407557 0.472822
1 0.542444 0.60707
1 0.387523 0.451335
1 0.441868 0.503786
1 0.497711 0.558932
1 0.368503 0.429292
1 0.501965 0.56262
1 0.419963 0.479791
1 0.6429 0.702283
1 0.251529 0.306098
1 0.280943 0.33543
1 0.554954 0.606832
1 0.415261 0.466703
1 0.442903 0.493556
1 0.422175 0.471187
1 0.596084 0.642748
1 0.298606 0.343005
1 0.559966 0.604254
1 0.473912 0.515688
1 0.361056 0.401039
1 0.262868 0.302615
1 0.278092 0.316948
1 0.447523 0.486378
1 0.449697 0.488235
1 0.242296 0.280683
1 0.15535 0.192185
1 0.335878 0.372674
1 0.539565 0.576336
1 0.54064 0.576853
1 0.576557 0.612641
1 0.366568 0.402433
1 0.312321 0.348059
1 0.513862 0.549372
1 0.327507 0.36276
1 0.379742 0.413756
1 0.704531 0.738024
1 0.458499 0.491725
1 0.391227 0.42444
1 0.241692 0.27484
1 0.64407 0.676966
1 0.586139 0.618725
2 0.522384 0.554902
1 0.47544 0.507915
1 0.27873 0.310536
1 0.517033 0.54813
2 0.348082 0.378768
1 0.398573 0.429064
1 0.30878 0.339065
2 0.574322 0.603994
1 0.648903 0.678396
1 0.450689 0.479548
1 0.218722 0.247221
1 0.190951 0.218911
1 0.619138 0.646653
1 0.372205 0.399691
1 0.277523 0.304405
1 0.150542 0.176959
1 0.759889 0.786062
1 0.244844 0.270932
1 0.236461 0.262443
1 0.354279 0.379834
1 0.44611 0.471538
1 0.556044 0.581406
1 0.522246 0.546433
1 0.200444 0.224135
1 0.463014 0.486459
1 0.344869 0.367373
1 0.393359 0.415751
1 0.272505 0.294707
1 0.383224 0.405291
1 0.450139 0.470909
1 0.222912 0.243543
2 0.303814 0.324211
1 0.343472 0.363761
1 0.193319 0.21342
1 0.276656 0.296458
1 0.157459 0.177206
1 0.330427 0.349981
1 0.467499 0.486459
1 0.290447 0.309268
1 0.264214 0.282992
1 0.597721 0.616413
1 0.370221 0.388624
1 0.410474 0.428801
2 0.468408 0.486347
1 0.497906 0.515688
1 0.214476 0.232081
1 0.50953 0.527017
1 0.303119 0.320583
1 0.65173 0.669141
1 0.560555 0.577523
1 0.330759 0.347276
1 0.353625 0.369677
2 0.513777 0.529783
1 0.208472 0.224425
1 0.462995 0.478728
1 0.506726 0.522344
1 0.476231 0.491725
2 0.568507 0.583219
1 0.394868 0.409501
1 0.447627 0.462233
1 0.383731 0.398298
1 0.333559 0.348082
1 0.317515 0.331695
1 0.160031 0.17418
1 0.46556 0.479548
1 0.278716 0.292685
1 0.241066 0.254885
1 0.424106 0.437886
2 0.651231 0.664619
1 0.387288 0.400554
2 0.598039 0.61111
2 0.349342 0.362295
1 0.299924 0.31287
2 0.49811 0.510966
1 0.288554 0.301355
1 0.427239 0.439889
1 0.33397 0.346086
1 0.317337 0.329443
1 0.204824 0.216927
1 0.13657 0.148543
1 0.337649 0.349433
1 0.154301 0.165995
1 0.134817 0.146504
2 0.707243 0.718889
1 0.457744 0.469064
1 0.236608 0.247916
1 0.281124 0.292244
2 0.48549 0.496437
1 0.156324 0.167262
1 0.14628 0.156788
1 0.257738 0.268113
2 0.369008 0.379331
1 0.137422 0.147522
1 0.372036 0.382054
1 0.30557 0.315446
1 0.571655 0.581406
1 0.274711 0.284415
1 0.348874 0.358186
1 0.420116 0.429261
1 0.420297 0.429229
1 0.488798 0.497597
1 0.240239 0.24887
1 0.403277 0.411886
1 0.579481 0.588084
1 0.234774 0.243375
1 0.359645 0.368111
1 0.15882 0.167262
1 0.402226 0.410482
2 0.350776 0.359002
2 0.177993 0.185804
1 0.408197 0.415997
2 0.571743 0.579429
1 0.279148 0.286699
1 0.621615 0.628692
1 0.332357 0.339389
1 0.581079 0.588084
1 0.579091 0.586048
2 0.371604 0.378282
1 0.239931 0.246594
1 0.181283 0.187892
1 0.453788 0.460347
1 0.15438 0.160769
1 0.278098 0.284466
1 0.213232 0.219514
1 0.343912 0.349433
1 0.33853 0.343986
1 0.716501 0.721796
1 0.254612 0.259507
1 0.287538 0.292216
1 0.322152 0.326814
1 0.495595 0.500065
1 0.329412 0.333462
1 0.219992 0.223902
2 0.322582 0.326469
1 0.152934 0.156788
1 0.359558 0.363374
1 0.351737 0.355308
1 0.164696 0.168249
1 0.336573 0.339981
1 0.207612 0.210998
1 0.503898 0.507238
1 0.233436 0.236195
1 0.240514 0.242957
1 0.347317 0.349636
1 0.379873 0.38215
1 0.205186 0.207191
1 0.271118 0.273045
2 0.225855 0.227758
1 0.761239 0.762787
1 0.453146 0.454508
1 0.171939 0.173242
1 0.219658 0.220845
1 0.299342 0.300518
1 0.507117 0.508146
2 0.341758 0.342735
1 0.195629 0.196529
1 0.446961 0.447809
1 0.202186 0.202952
2 0.40344 0.404183
1 0.507553 0.508146
1 0.245641 0.246146
1 0.577328 0.577764
2 0.165813 0.166206
1 0.314955 0.315251
1 0.606579 0.606859
2 0.251386 0.251615
2 0.434452 0.43466
1 0.589275 0.58947
1 0.298899 0.299005
2 0.307084 0.307174
