0 0 inf
0 0 inf
0 0 inf
0 0 inf
0 0 inf
0 0 inf
0 0 inf
0 0 inf
0 0 inf
0 0 inf
0 0 inf
0 0 inf
0 0 inf
0 0 inf
0 0 inf
0 0 0.78784
0 0 0.772757
0 0 0.753822
0 0 0.720233
0 0 0.713268
0 0 0.71131
0 0 0.690511
0 0 0.68218
0 0 0.650172
0 0 0.640861
0 0 0.640468
0 0 0.624111
0 0 0.618885
0 0 0.617864
0 0 0.612338
0 0 0.604994
0 0 0.586133
0 0 0.586029
0 0 0.5703
0 0 0.567738
0 0 0.562852
0 0 0.559563
0 0 0.545431
0 0 0.544301
0 0 0.521932
0 0 0.510546
0 0 0.507706
0 0 0.506768
0 0 0.490725
0 0 0.478987
0 0 0.471331
0 0 0.46163
0 0 0.45815
0 0 0.453145
0 0 0.445635
0 0 0.43748
0 0 0.428189
0 0 0.418545
0 0 0.417213
0 0 0.415521
0 0 0.409741
0 0 0.409484
0 0 0.405113
0 0 0.399579
0 0 0.394629
0 0 0.392095
0 0 0.392005
0 0 0.391949
0 0 0.387672
0 0 0.386555
0 0 0.383998
0 0 0.38363
0 0 0.38156
0 0 0.379693
0 0 0.37945
0 0 0.378871
0 0 0.378548
0 0 0.377621
0 0 0.374752
0 0 0.373593
0 0 0.368796
0 0 0.36341
0 0 0.359135
0 0 0.359125
0 0 0.356916
0 0 0.35071
0 0 0.350461
0 0 0.350043
0 0 0.348321
0 0 0.34551
0 0 0.340163
0 0 0.339443
0 0 0.338315
0 0 0.336974
0 0 0.335951
0 0 0.334963
0 0 0.334014
0 0 0.331885
0 0 0.331755
0 0 0.331728
0 0 0.327206
0 0 0.324047
0 0 0.323329
0 0 0.321533
0 0 0.314698
0 0 0.312791
0 0 0.312513
0 0 0.30889
0 0 0.308808
0 0 0.306471
0 0 0.306227
0 0 0.30265
0 0 0.301271
0 0 0.30031
0 0 0.299019
0 0 0.298739
0 0 0.297937
0 0 0.295642
0 0 0.295473
0 0 0.295418
0 0 0.294563
0 0 0.294439
0 0 0.29441
0 0 0.294258
0 0 0.29394
0 0 0.291994
0 0 0.290494
0 0 0.290014
0 0 0.288877
0 0 0.288057
0 0 0.287981
0 0 0.284748
0 0 0.280551
0 0 0.280314
0 0 0.279175
0 0 0.275918
0 0 0.275506
0 0 0.274454
0 0 0.274401
0 0 0.274388
0 0 0.273121
0 0 0.272501
0 0 0.271302
0 0 0.271072
0 0 0.268753
0 0 0.268501
0 0 0.268493
0 0 0.267366
0 0 0.266777
0 0 0.266339
0 0 0.265656
0 0 0.264383
0 0 0.262687
0 0 0.262321
0 0 0.26214
0 0 0.26121
0 0 0.259126
0 0 0.258746
0 0 0.257481
0 0 0.256884
0 0 0.255826
0 0 0.251899
0 0 0.251706
0 0 0.249426
0 0 0.247026
0 0 0.2469
0 0 0.245514
0 0 0.242837
0 0 0.242478
0 0 0.242428
0 0 0.241898
0 0 0.240825
0 0 0.240506
0 0 0.239782
0 0 0.238648
0 0 0.238385
0 0 0.236501
0 0 0.236256
0 0 0.23546
0 0 0.235332
0 0 0.23506
0 0 0.234784
0 0 0.234374
0 0 0.233703
0 0 0.233396
0 0 0.232661
0 0 0.231892
0 0 0.231612
0 0 0.231611
0 0 0.230951
0 0 0.230816
0 0 0.229608
0 0 0.229588
0 0 0.229564
0 0 0.229391
0 0 0.228803
0 0 0.227888
0 0 0.227346
0 0 0.226576
0 0 0.226428
0 0 0.226162
0 0 0.225646
0 0 0.225608
0 0 0.224671
0 0 0.224613
0 0 0.224138
0 0 0.222247
0 0 0.221885
0 0 0.22146
0 0 0.220658
0 0 0.220502
0 0 0.219492
0 0 0.218766
0 0 0.218509
0 0 0.217891
0 0 0.216559
0 0 0.215503
0 0 0.214558
0 0 0.213567
0 0 0.213342
0 0 0.213318
0 0 0.212766
0 0 0.210913
0 0 0.210084
0 0 0.208988
0 0 0.208972
0 0 0.207907
0 0 0.207798
0 0 0.207558
0 0 0.206809
0 0 0.205692
0 0 0.204939
0 0 0.204031
0 0 0.203715
0 0 0.20343
0 0 0.203188
0 0 0.20306
0 0 0.202991
0 0 0.202193
0 0 0.201307
0 0 0.201216
0 0 0.201028
0 0 0.200379
0 0 0.200058
0 0 0.196753
0 0 0.196383
0 0 0.194983
0 0 0.194624
0 0 0.194227
0 0 0.194048
0 0 0.193427
0 0 0.192186
0 0 0.192061
0 0 0.191515
0 0 0.189774
0 0 0.189325
0 0 0.18919
0 0 0.189079
0 0 0.188401
0 0 0.188372
0 0 0.187747
0 0 0.187709
0 0 0.187643
0 0 0.187317
0 0 0.186959
0 0 0.186787
0 0 0.18661
0 0 0.186364
0 0 0.186165
0 0 0.185905
0 0 0.185364
0 0 0.185302
0 0 0.185174
0 0 0.184903
0 0 0.183766
0 0 0.183627
0 0 0.183117
0 0 0.182217
0 0 0.180826
0 0 0.180716
0 0 0.179682
0 0 0.179436
0 0 0.178135
0 0 0.178091
0 0 0.177949
0 0 0.177235
0 0 0.177147
0 0 0.17662
0 0 0.176216
0 0 0.174674
0 0 0.174146
0 0 0.174018
0 0 0.173975
0 0 0.173628
0 0 0.173183
0 0 0.171618
0 0 0.170612
0 0 0.170221
0 0 0.169632
0 0 0.168832
0 0 0.168763
0 0 0.16855
0 0 0.168408
0 0 0.168103
0 0 0.168063
0 0 0.168035
0 0 0.167624
0 0 0.167417
0 0 0.167277
0 0 0.166932
0 0 0.166735
0 0 0.166615
0 0 0.165866
0 0 0.165544
0 0 0.164631
0 0 0.164239
0 0 0.163663
0 0 0.163595
0 0 0.163089
0 0 0.161975
0 0 0.16168
0 0 0.161579
0 0 0.161428
0 0 0.159967
0 0 0.159888
0 0 0.159562
0 0 0.159391
0 0 0.158907
0 0 0.158751
0 0 0.158135
0 0 0.158099
0 0 0.15796
0 0 0.157711
0 0 0.157032
0 0 0.156955
0 0 0.156893
0 0 0.156862
0 0 0.155837
0 0 0.155183
0 0 0.155148
0 0 0.154594
0 0 0.154594
0 0 0.153857
0 0 0.153311
0 0 0.153152
0 0 0.153136
0 0 0.15305
0 0 0.15262
0 0 0.152278
0 0 0.151552
0 0 0.151344
0 0 0.151103
0 0 0.151008
0 0 0.15075
0 0 0.150137
0 0 0.150067
0 0 0.149824
0 0 0.149762
0 0 0.1496
0 0 0.149364
0 0 0.148666
0 0 0.148504
0 0 0.148464
0 0 0.148406
0 0 0.148382
0 0 0.147938
0 0 0.147607
0 0 0.147243
0 0 0.147156
0 0 0.146356
0 0 0.146077
0 0 0.145097
0 0 0.144962
0 0 0.144539
0 0 0.144335
0 0 0.144216
0 0 0.144103
0 0 0.143849
0 0 0.143361
0 0 0.142302
0 0 0.140809
0 0 0.140788
0 0 0.139828
0 0 0.138643
0 0 0.138611
0 0 0.138088
0 0 0.137819
0 0 0.137424
0 0 0.137414
0 0 0.137271
0 0 0.134475
0 0 0.133847
0 0 0.132336
0 0 0.132017
0 0 0.131909
0 0 0.129326
0 0 0.128261
0 0 0.124944
0 0 0.122389
0 0 0.117626
0 0 0.114701
0 0 0.114124
0 0 0.111913
0 0 0.105244
0 0 0.0931113
1 0.43105 0.493016
1 0.356188 0.414071
1 0.240476 0.293327
1 0.324116 0.376644
1 0.411594 0.462632
1 0.24774 0.292521
1 0.248449 0.292209
1 0.316983 0.360172
2 0.340276 0.38093
1 0.345792 0.381755
1 0.311881 0.34715
1 0.367997 0.403241
1 0.194341 0.229339
1 0.363624 0.397032
1 0.337707 0.370456
1 0.282031 0.313679
1 0.366589 0.397989
1 0.265631 0.29658
1 0.276357 0.307259
2 0.502134 0.531684
1 0.167539 0.196872
1 0.369879 0.398894
1 0.372608 0.400924
1 0.187649 0.215768
1 0.36099 0.388392
1 0.226363 0.253655
1 0.355741 0.383002
1 0.458247 0.485492
1 0.318911 0.34597
1 0.166398 0.192716
2 0.381755 0.407788
1 0.234842 0.260578
1 0.219109 0.244127
1 0.162823 0.187721
1 0.240402 0.265274
1 0.628046 0.652652
1 0.310281 0.334854
1 0.227289 0.251702
1 0.34208 0.366482
1 0.205319 0.229693
1 0.179964 0.204112
1 0.255771 0.278835
1 0.18845 0.210914
1 0.168723 0.190008
1 0.360548 0.381758
1 0.377791 0.398901
1 0.162197 0.183008
1 0.186081 0.206407
1 0.179623 0.199912
1 0.564157 0.584349
1 0.288762 0.308901
1 0.170315 0.190436
1 0.169193 0.189281
1 0.296067 0.315926
1 0.162374 0.182223
1 0.217974 0.237823
1 0.217439 0.237208
1 0.211623 0.231216
1 0.336564 0.356015
1 0.314858 0.334241
1 0.189384 0.208712
1 0.149062 0.16811
1 0.138872 0.157359
1 0.259143 0.277437
1 0.165314 0.183452
1 0.465827 0.483807
1 0.301285 0.319036
1 0.256653 0.2744
1 0.246502 0.263975
1 0.163261 0.180561
1 0.38074 0.397989
1 0.198569 0.215651
1 0.222882 0.239887
1 0.359301 0.376225
1 0.376679 0.393545
1 0.301924 0.31866
1 0.156168 0.172698
1 0.242274 0.258801
1 0.318512 0.334759
1 0.170603 0.186806
1 0.276458 0.292659
1 0.229675 0.245807
1 0.185124 0.200902
2 0.287689 0.303441
1 0.285071 0.3008
1 0.167659 0.183216
1 0.375993 0.391385
2 0.194166 0.209533
1 0.165684 0.180963
1 0.180083 0.195356
1 0.597439 0.612708
1 0.169949 0.184992
1 0.171473 0.1865
1 0.306557 0.321442
1 0.379991 0.394832
1 0.250602 0.26535
1 0.192837 0.207502
1 0.207146 0.221753
2 0.191731 0.206164
2 0.183412 0.197748
1 0.190704 0.205019
1 0.164143 0.17839
2 0.35233 0.36644
2 0.192414 0.20639
1 0.369087 0.382776
1 0.216798 0.230296
1 0.25304 0.26632
2 0.19248 0.20573
1 0.195488 0.20842
1 0.180012 0.192767
2 0.266686 0.279315
1 0.1557 0.16811
1 0.17509 0.187366
1 0.24656 0.258737
1 0.172651 0.184692
1 0.192219 0.204171
1 0.219092 0.230961
2 0.332957 0.344788
1 0.179662 0.19144
1 0.190776 0.202309
1 0.211431 0.222643
1 0.244253 0.2554
1 0.26281 0.27393
1 0.172103 0.183088
2 0.196926 0.207411
2 0.251325 0.261747
1 0.383173 0.393545
2 0.201324 0.211621
2 0.183627 0.193885
1 0.168926 0.17914
1 0.227749 0.237641
1 0.205374 0.214999
1 0.165764 0.175273
2 0.265237 0.274703
1 0.186055 0.19552
1 0.164396 0.173854
2 0.186993 0.196329
1 0.203261 0.212488
1 0.171159 0.180367
2 0.23278 0.241928
1 0.261709 0.270746
2 0.198787 0.207823
1 0.334281 0.343317
1 0.372675 0.381432
1 0.194231 0.202761
2 0.174785 0.183023
1 0.171411 0.179545
2 0.433646 0.441759
2 0.192815 0.200903
1 0.39144 0.399412
2 0.30627 0.314213
2 0.200376 0.208143
1 0.180305 0.188018
2 0.204783 0.212488
1 0.198615 0.206314
2 0.411983 0.41953
1 0.165164 0.172535
1 0.168267 0.175578
1 0.217426 0.224565
1 0.16706 0.17401
1 0.18882 0.195752
1 0.183567 0.190436
1 0.190129 0.196998
1 0.206861 0.213605
1 0.172893 0.179519
2 0.189661 0.196234
1 0.157857 0.1644
1 0.182998 0.189486
2 0.196629 0.203075
1 0.257967 0.264408
1 0.218917 0.22533
2 0.386908 0.393257
1 0.215521 0.221823
2 0.198826 0.205109
2 0.186915 0.193151
1 0.167192 0.173344
1 0.171626 0.177751
2 0.183452 0.189413
1 0.181332 0.186993
2 0.262342 0.267986
1 0.184861 0.190395
1 0.224877 0.230309
1 0.162935 0.168233
1 0.384402 0.389655
2 0.205427 0.210628
1 0.18201 0.187197
1 0.230876 0.235905
2 0.187788 0.19277
1 0.315531 0.320476
1 0.241514 0.246437
1 0.248933 0.253749
1 0.203216 0.208024
2 0.277033 0.281692
2 0.184762 0.189413
2 0.232649 0.237217
1 0.204041 0.208373
1 0.370428 0.374653
1 0.201826 0.205948
1 0.275562 0.279574
2 0.174423 0.17839
1 0.156852 0.160571
1 0.315308 0.319013
1 0.221508 0.225206
1 0.213456 0.217045
1 0.174239 0.177776
2 0.178824 0.182208
1 0.334867 0.338248
1 0.188801 0.192178
1 0.156634 0.159991
1 0.199468 0.202663
1 0.316402 0.319592
1 0.170814 0.173969
2 0.233401 0.236555
2 0.277167 0.280311
1 0.203561 0.206696
1 0.170944 0.173969
2 0.233603 0.236555
1 0.328529 0.331453
1 0.388873 0.391797
1 0.270524 0.273427
1 0.38635 0.389223
1 0.199712 0.202496
2 0.211596 0.214333
2 0.281422 0.284138
2 0.239103 0.241755
2 0.212033 0.214681
2 0.242323 0.244954
1 0.3037 0.306328
1 0.200507 0.202986
1 0.171117 0.173484
2 0.192008 0.194339
1 0.194429 0.196629
1 0.224821 0.22702
1 0.179544 0.181734
1 0.224071 0.226207
1 0.2103 0.21239
1 0.183912 0.185994
1 0.256059 0.257913
1 0.1886 0.190423
1 0.266455 0.268264
2 0.198418 0.200208
1 0.171778 0.173516
1 0.283746 0.285402
1 0.259778 0.261394
1 0.192058 0.193521
2 0.205157 0.206592
2 0.201645 0.202986
1 0.166434 0.16776
1 0.281519 0.282798
1 0.22467 0.225938
1 0.228076 0.229339
2 0.229527 0.230774
1 0.195202 0.196439
2 0.231433 0.232555
1 0.234823 0.235905
2 0.23278 0.23384
2 0.232263 0.233224
2 0.208594 0.209544
2 0.224657 0.225503
1 0.261456 0.262265
1 0.179469 0.180259
1 0.173089 0.173747
2 0.304271 0.304894
1 0.201736 0.20226
2 0.377579 0.378014
2 0.207757 0.208143
2 0.189281 0.189607
1 0.188177 0.188496
1 0.209995 0.210311
2 0.213403 0.213695
1 0.312423 0.312695
1 0.172889 0.173152
2 0.187598 0.187848
1 0.183959 0.184198
1 0.200149 0.200376
1 0.174682 0.174898
2 0.21397 0.214108
1 0.211166 0.211266
2 0.187788 0.187848
