0 0 inf
0 0 inf
0 0 inf
0 0 inf
0 0 inf
0 0 0.786845
0 0 0.773366
0 0 0.734756
0 0 0.684515
0 0 0.631999
0 0 0.589347
0 0 0.587931
0 0 0.561989
0 0 0.551641
0 0 0.518395
0 0 0.498853
0 0 0.475469
0 0 0.465482
0 0 0.450401
0 0 0.443618
0 0 0.421086
0 0 0.40147
0 0 0.394464
0 0 0.392784
0 0 0.388023
0 0 0.3877
0 0 0.383583
0 0 0.361514
0 0 0.349782
0 0 0.322242
0 0 0.294347
0 0 0.281983
0 0 0.261111
0 0 0.247672
0 0 0.24728
0 0 0.243961
0 0 0.242006
0 0 0.238545
0 0 0.238114
0 0 0.237894
0 0 0.233437
0 0 0.230289
0 0 0.228903
0 0 0.224255
0 0 0.219031
0 0 0.216649
0 0 0.212315
0 0 0.212042
0 0 0.208617
0 0 0.20671
0 0 0.200549
0 0 0.200422
0 0 0.194378
0 0 0.188429
0 0 0.180946
0 0 0.17834
0 0 0.178242
0 0 0.172261
0 0 0.169919
0 0 0.169392
0 0 0.169112
0 0 0.166565
0 0 0.16461
0 0 0.164121
0 0 0.163351
0 0 0.163341
0 0 0.161942
0 0 0.161934
0 0 0.161824
0 0 0.160497
0 0 0.157336
0 0 0.156561
0 0 0.155535
0 0 0.154354
0 0 0.150096
0 0 0.149399
0 0 0.14709
0 0 0.14618
0 0 0.145033
0 0 0.144558
0 0 0.144481
0 0 0.142784
0 0 0.142508
0 0 0.141733
0 0 0.140828
0 0 0.140473
0 0 0.140081
0 0 0.137647
0 0 0.137484
0 0 0.137132
0 0 0.137104
0 0 0.136668
0 0 0.134546
0 0 0.134484
0 0 0.132617
0 0 0.13242
0 0 0.130439
0 0 0.129145
0 0 0.129059
0 0 0.128613
0 0 0.128113
0 0 0.127699
0 0 0.12522
0 0 0.123337
0 0 0.122821
0 0 0.122382
0 0 0.121505
0 0 0.12035
0 0 0.119782
0 0 0.119411
0 0 0.118362
0 0 0.117911
0 0 0.117524
0 0 0.117064
0 0 0.116955
0 0 0.116525
0 0 0.116049
0 0 0.115487
0 0 0.115092
0 0 0.115023
0 0 0.114515
0 0 0.112664
0 0 0.111827
0 0 0.11131
0 0 0.111027
0 0 0.110825
0 0 0.11034
0 0 0.109611
0 0 0.109459
0 0 0.108472
0 0 0.107806
0 0 0.107481
0 0 0.107417
0 0 0.107198
0 0 0.106931
0 0 0.106674
0 0 0.106334
0 0 0.106287
0 0 0.106256
0 0 0.104942
0 0 0.104521
0 0 0.104299
0 0 0.104179
0 0 0.103907
0 0 0.10361
0 0 0.103486
0 0 0.10328
0 0 0.102971
0 0 0.102887
0 0 0.102784
0 0 0.102671
0 0 0.102351
0 0 0.102082
0 0 0.101822
0 0 0.101223
0 0 0.100494
0 0 0.100326
0 0 0.0998004
0 0 0.0994903
0 0 0.0992606
0 0 0.0992604
0 0 0.0987849
0 0 0.0987597
0 0 0.0987405
0 0 0.0986755
0 0 0.0985544
0 0 0.0985211
0 0 0.0982585
0 0 0.0981124
0 0 0.0980268
0 0 0.0980151
0 0 0.0979905
0 0 0.097903
0 0 0.0978234
0 0 0.0977349
0 0 0.0972841
0 0 0.0972566
0 0 0.097127
0 0 0.0970601
0 0 0.0968101
0 0 0.0967564
0 0 0.0963854
0 0 0.096275
0 0 0.0961941
0 0 0.0957681
0 0 0.0957572
0 0 0.0956152
0 0 0.0956074
0 0 0.0954066
0 0 0.095341
0 0 0.0952099
0 0 0.0950128
0 0 0.0947556
0 0 0.0947516
0 0 0.0946494
0 0 0.094568
0 0 0.0944587
0 0 0.0943944
0 0 0.0943906
0 0 0.0942896
0 0 0.0941353
0 0 0.0941215
0 0 0.0937709
0 0 0.0936961
0 0 0.0931743
0 0 0.0929937
0 0 0.0926541
0 0 0.0924677
0 0 0.0923428
0 0 0.0920551
0 0 0.0919316
0 0 0.0919213
0 0 0.0918583
0 0 0.0918066
0 0 0.0917899
0 0 0.0914869
0 0 0.0913531
0 0 0.0907884
0 0 0.0906033
0 0 0.0905165
0 0 0.0904953
0 0 0.0904396
0 0 0.0903362
0 0 0.0903171
0 0 0.0902233
0 0 0.0900211
0 0 0.0893324
0 0 0.0892695
0 0 0.0890306
0 0 0.0889294
0 0 0.088919
0 0 0.0887412
0 0 0.088474
0 0 0.0884449
0 0 0.0883914
0 0 0.0882826
0 0 0.0882227
0 0 0.088169
0 0 0.0881653
0 0 0.0881066
0 0 0.0880596
0 0 0.0880572
0 0 0.0878912
0 0 0.0877751
0 0 0.087282
0 0 0.0872656
0 0 0.0871512
0 0 0.0871151
0 0 0.0870879
0 0 0.0866866
0 0 0.0866487
0 0 0.0865247
0 0 0.0863335
0 0 0.0862761
0 0 0.0862652
0 0 0.0860744
0 0 0.0856211
0 0 0.0855339
0 0 0.0854954
0 0 0.0854058
0 0 0.0850701
0 0 0.0846873
0 0 0.0845405
0 0 0.0844362
0 0 0.0844149
0 0 0.0842628
0 0 0.0841765
0 0 0.0841026
0 0 0.0838906
0 0 0.0836946
0 0 0.0836517
0 0 0.0836173
0 0 0.0835543
0 0 0.083449
0 0 0.083436
0 0 0.0834082
0 0 0.0832661
0 0 0.082962
0 0 0.0827535
0 0 0.0825309
0 0 0.0824605
0 0 0.0823954
0 0 0.0823094
0 0 0.0820973
0 0 0.0819499
0 0 0.0818541
0 0 0.0817943
0 0 0.0817392
0 0 0.0816613
0 0 0.0816554
0 0 0.081352
0 0 0.0811131
0 0 0.0810361
0 0 0.0809828
0 0 0.0809436
0 0 0.0809145
0 0 0.080855
0 0 0.080833
0 0 0.0807571
0 0 0.0806954
0 0 0.0802707
0 0 0.0801905
0 0 0.0801575
0 0 0.0800655
0 0 0.0798288
0 0 0.0798125
0 0 0.0797944
0 0 0.0795517
0 0 0.0795353
0 0 0.0794286
0 0 0.0794254
0 0 0.0788082
0 0 0.0786705
0 0 0.0786575
0 0 0.0779194
0 0 0.077695
0 0 0.077662
0 0 0.0775079
0 0 0.0774434
0 0 0.0773295
0 0 0.077273
0 0 0.0764152
0 0 0.0763359
0 0 0.0763071
0 0 0.0762261
0 0 0.0762239
0 0 0.0757227
0 0 0.0756309
0 0 0.075474
0 0 0.0752542
0 0 0.0751218
0 0 0.074729
0 0 0.074679
0 0 0.0743851
0 0 0.0742961
0 0 0.0741592
0 0 0.0740785
0 0 0.0740453
0 0 0.0739582
0 0 0.0739185
0 0 0.073488
0 0 0.0733415
0 0 0.0732754
0 0 0.073014
0 0 0.0729391
0 0 0.0729294
0 0 0.0728198
0 0 0.0724993
0 0 0.0723752
0 0 0.0723572
0 0 0.0723327
0 0 0.0721644
0 0 0.0721349
0 0 0.0720954
0 0 0.071796
0 0 0.0717056
0 0 0.071696
0 0 0.0714101
0 0 0.0714014
0 0 0.0713298
0 0 0.0709996
0 0 0.0709493
0 0 0.0705686
0 0 0.070487
0 0 0.0702622
0 0 0.0699957
0 0 0.0697686
0 0 0.0693181
0 0 0.0687733
0 0 0.0687519
0 0 0.0687369
0 0 0.0683942
0 0 0.068287
0 0 0.0680129
0 0 0.0675831
0 0 0.0671747
0 0 0.0671156
0 0 0.0670753
0 0 0.0670218
0 0 0.0670085
0 0 0.0667105
0 0 0.0662685
0 0 0.065251
0 0 0.0644837
0 0 0.0631452
0 0 0.0626158
0 0 0.0625574
0 0 0.0621662
0 0 0.06215
0 0 0.0612463
0 0 0.0610537
0 0 0.0607893
1 0.410251 0.469895
0 0 0.0582216
0 0 0.0578772
0 0 0.0572949
0 0 0.0557549
0 0 0.0553799
0 0 0.0549452
0 0 0.0538658
0 0 0.0531762
1 0.107968 0.133486
1 0.23569 0.260222
1 0.278925 0.303015
1 0.290133 0.313747
1 0.103215 0.125989
1 0.100888 0.122844
1 0.0977231 0.119487
1 0.127487 0.148117
1 0.104721 0.124867
1 0.107391 0.12684
1 0.110926 0.129776
1 0.0974685 0.115751
1 0.103577 0.121221
1 0.0706774 0.0881027
1 0.109326 0.126458
1 0.0976347 0.114079
1 0.170661 0.186572
1 0.0979202 0.113546
2 0.127386 0.142887
1 0.104426 0.119857
1 0.109247 0.124509
1 0.094118 0.109043
1 0.0825927 0.0971807
1 0.0971975 0.111582
1 0.0900038 0.104313
1 0.0924061 0.106495
1 0.0946965 0.108553
1 0.109228 0.122724
1 0.094175 0.107619
1 0.189606 0.202957
1 0.0811419 0.0942179
1 0.110377 0.123298
1 0.0724266 0.0852917
1 0.127776 0.140606
1 0.0922223 0.104778
1 0.084893 0.0973818
1 0.108095 0.12036
2 0.13792 0.150003
1 0.093072 0.104878
1 0.082221 0.0939888
1 0.100184 0.111867
1 0.0919269 0.103213
1 0.113267 0.124517
1 0.0908153 0.101979
1 0.124519 0.135552
1 0.0969949 0.107984
1 0.13991 0.150743
1 0.0847383 0.0955239
2 0.115431 0.126117
1 0.081631 0.0920762
1 0.0856018 0.0959447
1 0.0812652 0.091587
1 0.0845468 0.0946992
1 0.0980523 0.108095
1 0.0951449 0.105134
1 0.0847172 0.0946631
1 0.0796041 0.089455
1 0.131133 0.140848
1 0.107491 0.11702
1 0.0940194 0.103545
1 0.103804 0.113325
2 0.131405 0.140895
1 0.188231 0.197535
1 0.0867778 0.0959447
2 0.104778 0.113454
1 0.103153 0.111797
1 0.0822271 0.0908183
1 0.10908 0.117646
2 0.0955682 0.104123
1 0.102177 0.110669
1 0.0996197 0.108088
1 0.0823394 0.0907407
1 0.0854262 0.0937912
1 0.0884104 0.0966724
1 0.0989169 0.107151
1 0.10836 0.116531
1 0.105103 0.113215
1 0.116801 0.124888
1 0.105122 0.113199
1 0.152764 0.160827
2 0.115716 0.123683
1 0.125943 0.133869
1 0.0800978 0.0880193
1 0.159295 0.167164
1 0.0956282 0.103496
1 0.0743108 0.0821432
1 0.0764168 0.0841881
1 0.0847611 0.0924638
1 0.125037 0.132733
1 0.0978045 0.105384
1 0.105407 0.112955
1 0.11938 0.126868
1 0.0973077 0.104735
1 0.15634 0.163759
2 0.106405 0.113812
1 0.246464 0.25387
2 0.13 0.137399
1 0.0856043 0.092749
1 0.0782879 0.0854186
1 0.0848777 0.0919864
2 0.0924638 0.0995385
2 0.127917 0.134915
1 0.0874208 0.0943429
1 0.129978 0.136898
1 0.0843778 0.0912789
1 0.0815745 0.0884721
1 0.0906045 0.097464
1 0.0806476 0.0874636
1 0.0977968 0.10459
1 0.124692 0.131482
1 0.10134 0.108129
1 0.0962204 0.102958
2 0.105838 0.112576
1 0.0846189 0.0913495
1 0.116125 0.122732
1 0.104085 0.110682
2 0.107486 0.114063
1 0.105307 0.111867
1 0.11187 0.118364
1 0.0908467 0.0973105
1 0.0981725 0.104574
2 0.107151 0.11351
1 0.104817 0.111141
1 0.100383 0.106679
1 0.092143 0.0983455
1 0.141719 0.147863
1 0.107108 0.11325
1 0.104137 0.110277
2 0.108302 0.114428
1 0.105488 0.111607
1 0.0869177 0.0929774
1 0.0958751 0.10189
1 0.138756 0.144703
2 0.137002 0.142935
1 0.0806877 0.0865995
1 0.0986626 0.104555
1 0.199004 0.204883
1 0.1059 0.111701
2 0.0892847 0.0950723
1 0.109363 0.115141
1 0.0943222 0.100062
2 0.105537 0.111253
1 0.0864253 0.0921373
1 0.177081 0.182721
1 0.118277 0.123901
1 0.105722 0.111346
1 0.084661 0.0902513
1 0.0897269 0.0953161
1 0.105931 0.111512
1 0.0803153 0.0858399
1 0.100375 0.105876
2 0.107433 0.11288
1 0.0900988 0.0955239
1 0.108232 0.113656
1 0.089412 0.0946549
1 0.0916562 0.0968617
1 0.112571 0.117774
1 0.100769 0.105971
1 0.653262 0.658452
1 0.114142 0.119278
1 0.0810767 0.0862032
1 0.0947438 0.0998287
1 0.106732 0.111777
1 0.0967727 0.101765
1 0.0986176 0.103574
2 0.138171 0.143125
1 0.0921358 0.0969857
1 0.0767208 0.0815226
2 0.106866 0.111609
1 0.0820424 0.0867802
1 0.122497 0.127218
1 0.0909668 0.095671
2 0.12463 0.12932
1 0.173691 0.178363
2 0.0880193 0.0926475
2 0.0900617 0.0946631
2 0.0999537 0.10453
2 0.12045 0.125025
1 0.0814142 0.0859578
1 0.105539 0.110077
2 0.111491 0.116017
1 0.0946134 0.0991377
2 0.0964179 0.100932
1 0.0901443 0.0946549
2 0.10655 0.111052
1 0.0945508 0.0990441
1 0.0823785 0.0868278
1 0.0973761 0.101822
1 0.10389 0.108267
1 0.0992038 0.103542
1 0.125286 0.129595
1 0.134569 0.138782
2 0.129125 0.133205
2 0.126698 0.130747
1 0.114213 0.118223
2 0.0967338 0.100731
1 0.0983608 0.102349
1 0.0850914 0.0890366
2 0.0890704 0.0929918
2 0.0924183 0.0963292
1 0.0985058 0.102359
2 0.13792 0.141748
2 0.105024 0.108816
2 0.130845 0.134616
1 0.0875705 0.0913376
1 0.120967 0.124678
1 0.100326 0.10401
1 0.105112 0.108789
1 0.10984 0.113417
1 0.117244 0.120815
2 0.103814 0.107373
2 0.109291 0.112848
2 0.120797 0.124302
1 0.0867913 0.0902513
2 0.134263 0.137688
1 0.19601 0.199411
1 0.105023 0.108413
2 0.118912 0.122271
2 0.11484 0.118185
2 0.120925 0.124267
2 0.132863 0.136197
1 0.101777 0.105004
2 0.116744 0.119892
1 0.110252 0.113394
1 0.125361 0.128494
1 0.109035 0.112125
1 0.0960167 0.0991039
1 0.0913425 0.0944243
1 0.0832234 0.0862633
1 0.0899517 0.0929026
2 0.101254 0.104152
2 0.0925613 0.0954482
1 0.0928204 0.0957045
1 0.0986344 0.101479
2 0.127217 0.130046
1 0.0873708 0.0901855
2 0.125287 0.1281
1 0.108106 0.110882
1 0.0943339 0.0971055
1 0.122123 0.124806
1 0.0853755 0.0880193
1 0.124412 0.126986
1 0.127626 0.130195
2 0.130998 0.133534
1 0.0864623 0.0889835
1 0.116713 0.119222
2 0.115454 0.117955
2 0.10622 0.108711
1 0.0741758 0.0766606
2 0.101624 0.104089
2 0.121141 0.123595
1 0.102583 0.105024
1 0.0890933 0.0915129
1 0.108266 0.110682
2 0.131131 0.133534
2 0.100441 0.102807
2 0.10149 0.103819
1 0.126394 0.128662
2 0.112576 0.114789
2 0.131629 0.133765
2 0.125076 0.127182
1 0.0855116 0.0874704
1 0.102319 0.104258
2 0.113434 0.115353
1 0.0894985 0.0913495
2 0.0947081 0.0964948
2 0.102083 0.103847
2 0.109891 0.111606
1 0.0844619 0.08615
1 0.0881574 0.0898338
1 0.0884667 0.0901192
1 0.0884318 0.0900626
1 0.100703 0.102291
2 0.117168 0.118742
2 0.122694 0.124241
1 0.0743049 0.0758181
1 0.0926761 0.0941766
1 0.0943906 0.0958858
1 0.106162 0.107653
1 0.0859861 0.0874704
1 0.0955099 0.0969857
1 0.111867 0.11332
2 0.11696 0.118413
2 0.0919516 0.0933468
2 0.128515 0.129881
1 0.0899545 0.0912789
2 0.098412 0.0997323
1 0.216346 0.21764
2 0.0964157 0.0976814
1 0.0765038 0.0777567
2 0.103486 0.104738
2 0.108735 0.109982
1 0.0942295 0.095475
2 0.102939 0.104178
2 0.12899 0.130204
2 0.132352 0.133534
1 0.0838038 0.084958
1 0.100718 0.101869
2 0.101666 0.102807
2 0.0984262 0.0995385
1 0.101702 0.102796
2 0.115612 0.11668
2 0.107916 0.108972
1 0.0999557 0.100999
1 0.111264 0.112269
1 0.0935024 0.0944418
1 0.110343 0.111275
2 0.103687 0.104613
2 0.104322 0.105231
1 0.141159 0.142034
2 0.12833 0.129195
2 0.111012 0.111869
1 0.106037 0.106872
1 0.0923186 0.0931206
2 0.0981794 0.098981
1 0.113938 0.114735
2 0.112565 0.113361
1 0.12589 0.126675
2 0.117415 0.118185
1 0.0993021 0.100065
2 0.12899 0.129743
1 0.112185 0.112923
1 0.111112 0.1118
2 0.129532 0.130209
2 0.0982696 0.0989271
2 0.114228 0.114873
2 0.127985 0.128625
2 0.108679 0.10931
1 0.11423 0.114843
1 0.114864 0.115476
1 0.0903814 0.090972
1 0.107825 0.108413
1 0.105565 0.106149
1 0.0885228 0.0891067
2 0.113881 0.114461
1 0.117457 0.118022
2 0.116363 0.116928
2 0.098954 0.0994703
2 0.109633 0.110137
1 0.12726 0.127729
1 0.106132 0.106576
1 0.0891293 0.0895707
1 0.132859 0.133299
1 0.104489 0.104919
1 0.127281 0.127709
1 0.0959578 0.0963505
2 0.0953919 0.0957836
2 0.0980503 0.0983418
2 0.108584 0.108862
2 0.129973 0.130238
2 0.10084 0.101067
1 0.102781 0.102972
2 0.0983638 0.0985246
1 0.104773 0.104919
1 0.119911 0.120055
1 0.110918 0.11106
2 0.10257 0.102675
2 0.104664 0.104767
2 0.113417 0.11351
1 0.0897703 0.0898338
2 0.106763 0.106812
2 0.111214 0.111256
2 0.0958053 0.0958382
1 0.125401 0.125432
2 0.122217 0.122239
2 0.115337 0.115353
2 0.111422 0.111434
