0 0 inf
1 0.752531 inf
0 0 inf
0 0 inf
0 0 inf
0 0 inf
0 0 inf
0 0 inf
0 0 inf
0 0 inf
0 0 inf
0 0 inf
0 0 inf
0 0 inf
0 0 inf
0 0 inf
1 0.773631 inf
0 0 0.794629
0 0 0.762293
0 0 0.745123
0 0 0.729031
0 0 0.728591
0 0 0.726573
0 0 0.696441
0 0 0.681956
0 0 0.676215
0 0 0.670462
0 0 0.615228
0 0 0.612102
0 0 0.609818
0 0 0.604593
0 0 0.593028
0 0 0.585749
0 0 0.583092
0 0 0.561057
0 0 0.549858
0 0 0.546972
0 0 0.528059
0 0 0.525173
0 0 0.524769
0 0 0.52073
0 0 0.516028
0 0 0.51339
0 0 0.481103
0 0 0.47861
0 0 0.473681
0 0 0.472166
0 0 0.469888
0 0 0.468791
0 0 0.468642
0 0 0.467647
0 0 0.464416
0 0 0.462519
0 0 0.456917
0 0 0.456659
0 0 0.449542
0 0 0.444616
0 0 0.442115
0 0 0.436584
0 0 0.435117
0 0 0.426821
0 0 0.422077
0 0 0.422006
0 0 0.406032
0 0 0.396052
0 0 0.396045
0 0 0.395759
0 0 0.384957
0 0 0.384254
0 0 0.383511
0 0 0.383359
0 0 0.382183
0 0 0.371659
0 0 0.370466
0 0 0.370157
0 0 0.368472
0 0 0.365716
0 0 0.362052
0 0 0.360712
0 0 0.356685
0 0 0.355373
0 0 0.354732
0 0 0.35462
0 0 0.352248
0 0 0.351714
0 0 0.351251
0 0 0.34949
0 0 0.348384
0 0 0.347377
0 0 0.344658
0 0 0.344224
0 0 0.343372
0 0 0.335518
0 0 0.330291
0 0 0.329956
0 0 0.329216
0 0 0.328194
0 0 0.327869
0 0 0.325352
0 0 0.324175
0 0 0.323996
0 0 0.321347
0 0 0.317069
0 0 0.316699
0 0 0.315117
0 0 0.314132
0 0 0.312358
0 0 0.310801
0 0 0.307905
0 0 0.305801
0 0 0.303088
0 0 0.299863
0 0 0.297069
0 0 0.296956
0 0 0.295697
0 0 0.294808
0 0 0.294324
0 0 0.294259
0 0 0.292816
0 0 0.289406
0 0 0.286653
0 0 0.285403
0 0 0.278569
0 0 0.276062
0 0 0.275449
0 0 0.275164
0 0 0.271606
0 0 0.270463
0 0 0.268449
0 0 0.267736
0 0 0.267471
0 0 0.266387
0 0 0.261472
0 0 0.260454
0 0 0.25852
0 0 0.257715
0 0 0.257669
0 0 0.257619
0 0 0.257103
0 0 0.255242
0 0 0.255015
0 0 0.254997
0 0 0.254654
0 0 0.252774
0 0 0.251833
0 0 0.251554
0 0 0.250482
0 0 0.24638
0 0 0.246206
0 0 0.242397
0 0 0.241716
0 0 0.239234
0 0 0.237224
0 0 0.235023
0 0 0.234925
0 0 0.234125
0 0 0.232271
0 0 0.228962
0 0 0.228378
0 0 0.227004
0 0 0.226239
0 0 0.225703
0 0 0.223697
0 0 0.222326
0 0 0.221349
0 0 0.216492
0 0 0.212787
0 0 0.209799
0 0 0.207557
0 0 0.205273
0 0 0.205224
0 0 0.203714
0 0 0.202176
0 0 0.2017
0 0 0.201335
0 0 0.201032
0 0 0.198496
0 0 0.198387
0 0 0.198143
0 0 0.19667
0 0 0.195368
0 0 0.194052
0 0 0.193995
0 0 0.190689
0 0 0.190243
0 0 0.18891
0 0 0.188767
0 0 0.1887
0 0 0.188553
0 0 0.188325
0 0 0.18815
0 0 0.18631
0 0 0.184156
0 0 0.184115
0 0 0.183685
0 0 0.182572
0 0 0.182171
0 0 0.182051
0 0 0.18168
0 0 0.180418
0 0 0.179574
0 0 0.179349
0 0 0.178494
0 0 0.178457
0 0 0.177921
0 0 0.176397
0 0 0.176136
0 0 0.175948
0 0 0.175796
0 0 0.175136
0 0 0.172428
0 0 0.172307
0 0 0.170668
0 0 0.170201
0 0 0.16936
0 0 0.167121
0 0 0.165834
0 0 0.165237
0 0 0.164561
0 0 0.164345
0 0 0.163987
0 0 0.16378
0 0 0.16358
0 0 0.162886
0 0 0.162521
0 0 0.162077
0 0 0.161129
0 0 0.160668
0 0 0.160586
0 0 0.160109
0 0 0.158887
0 0 0.15828
0 0 0.15816
0 0 0.157424
0 0 0.156133
0 0 0.1561
0 0 0.155992
0 0 0.155186
0 0 0.15466
0 0 0.15383
0 0 0.153579
0 0 0.152564
0 0 0.152272
0 0 0.152217
0 0 0.151083
0 0 0.15073
0 0 0.150673
0 0 0.1496
0 0 0.149377
0 0 0.149011
0 0 0.148226
0 0 0.148185
0 0 0.148024
0 0 0.147355
0 0 0.146752
0 0 0.146412
0 0 0.146071
0 0 0.145978
0 0 0.144978
0 0 0.14358
0 0 0.141882
0 0 0.140854
0 0 0.1408
0 0 0.140425
0 0 0.140361
0 0 0.14031
0 0 0.140273
0 0 0.137994
0 0 0.137736
0 0 0.135881
0 0 0.13556
0 0 0.134816
0 0 0.134801
0 0 0.133782
1 0.612705 0.746361
0 0 0.133593
0 0 0.132568
0 0 0.13176
0 0 0.131748
0 0 0.131672
0 0 0.131633
0 0 0.131408
0 0 0.131296
0 0 0.130927
0 0 0.130869
0 0 0.130058
0 0 0.12936
0 0 0.129348
0 0 0.129022
0 0 0.128643
0 0 0.128339
0 0 0.128158
0 0 0.128109
0 0 0.127676
0 0 0.12752
0 0 0.127443
0 0 0.126732
0 0 0.126493
0 0 0.126428
0 0 0.126391
0 0 0.125896
0 0 0.125743
0 0 0.125707
0 0 0.12442
0 0 0.12428
0 0 0.122994
0 0 0.12291
0 0 0.122547
0 0 0.122278
0 0 0.122154
1 0.519898 0.640538
0 0 0.119757
0 0 0.119684
0 0 0.119324
0 0 0.1188
0 0 0.118424
0 0 0.118237
0 0 0.118139
0 0 0.117849
0 0 0.114905
0 0 0.114758
0 0 0.11439
0 0 0.113996
0 0 0.113667
0 0 0.113606
0 0 0.113534
0 0 0.112866
0 0 0.112834
0 0 0.112262
1 0.554821 0.66701
0 0 0.111643
0 0 0.11101
0 0 0.110684
0 0 0.110519
0 0 0.110056
0 0 0.109176
0 0 0.10849
0 0 0.108465
0 0 0.107979
0 0 0.107355
0 0 0.10645
0 0 0.106222
0 0 0.105876
0 0 0.105834
0 0 0.10521
0 0 0.105105
0 0 0.104827
0 0 0.104512
0 0 0.103619
0 0 0.102454
0 0 0.102394
0 0 0.102032
0 0 0.100474
0 0 0.100024
0 0 0.100011
0 0 0.0997845
0 0 0.0994109
0 0 0.0989588
0 0 0.0989074
0 0 0.0988298
0 0 0.0987941
0 0 0.0984808
0 0 0.0984398
0 0 0.0980769
0 0 0.0962357
0 0 0.0962236
0 0 0.0959341
0 0 0.0958414
0 0 0.0949519
0 0 0.0947282
0 0 0.0942365
0 0 0.0938557
0 0 0.0937792
0 0 0.0932057
0 0 0.0921357
0 0 0.0918728
0 0 0.0918174
0 0 0.0913095
0 0 0.0909098
0 0 0.0896587
0 0 0.0895126
0 0 0.0889314
0 0 0.0881859
0 0 0.088118
0 0 0.0876816
1 0.420412 0.507736
0 0 0.0856531
0 0 0.0855451
0 0 0.0842658
1 0.391569 0.47564
0 0 0.0837472
0 0 0.0835468
0 0 0.0834994
0 0 0.0832257
0 0 0.0813377
0 0 0.0813042
0 0 0.0812332
0 0 0.0811051
0 0 0.0809082
1 0.414731 0.495125
0 0 0.0796409
1 0.486724 0.566111
0 0 0.0792939
0 0 0.0784004
0 0 0.0748993
0 0 0.0740513
0 0 0.0641933
0 0 0.0623295
1 0.312821 0.374851
1 0.367937 0.42845
0 0 0.0591441
1 0.521101 0.57863
1 0.192836 0.24902
1 0.361515 0.414675
1 0.215291 0.267461
1 0.196975 0.24819
1 0.386448 0.437265
1 0.373754 0.423139
1 0.214112 0.262219
1 0.255536 0.301105
1 0.188852 0.234193
1 0.216944 0.262094
1 0.205527 0.249598
1 0.374737 0.41367
1 0.458098 0.496025
1 0.32708 0.363582
1 0.412069 0.447196
1 0.389196 0.423258
1 0.18912 0.222172
1 0.168188 0.200304
1 0.200931 0.232531
1 0.176758 0.207878
1 0.424577 0.455619
1 0.114376 0.144774
1 0.597551 0.627648
1 0.497566 0.52746
1 0.336194 0.366001
1 0.168926 0.198706
1 0.260246 0.289748
1 0.394892 0.423951
1 0.118512 0.147144
1 0.143659 0.171852
1 0.1048 0.132732
1 0.116214 0.143328
1 0.263447 0.290466
1 0.226261 0.253161
1 0.10529 0.132104
1 0.540216 0.566647
1 0.318313 0.344444
1 0.209247 0.235185
1 0.524392 0.550153
1 0.138648 0.164406
1 0.421323 0.446969
1 0.410963 0.436573
1 0.157784 0.183071
1 0.22316 0.248304
1 0.190415 0.215269
1 0.221804 0.246155
1 0.415821 0.440024
1 0.339308 0.363187
1 0.259425 0.283048
1 0.238927 0.262535
1 0.402407 0.425779
1 0.109027 0.13235
1 0.144403 0.167426
1 0.27408 0.296963
1 0.257673 0.280509
1 0.252867 0.275231
1 0.458511 0.480823
1 0.180117 0.202357
1 0.265191 0.286602
1 0.327645 0.348906
2 0.387174 0.408228
1 0.561832 0.582791
1 0.176684 0.197334
1 0.362739 0.383252
1 0.149468 0.169899
1 0.102793 0.1232
2 0.282056 0.302166
1 0.145003 0.165049
1 0.377581 0.396783
2 0.225274 0.244225
1 0.552105 0.570924
1 0.143709 0.162381
1 0.261533 0.279914
1 0.753432 0.771718
1 0.102459 0.120479
1 0.115521 0.133424
1 0.220578 0.238281
1 0.150483 0.167959
2 0.212243 0.229594
1 0.466954 0.483911
1 0.407183 0.424041
1 0.194893 0.211509
1 0.282372 0.298078
1 0.158454 0.173788
1 0.171862 0.186901
2 0.267395 0.28237
1 0.11903 0.133995
1 0.189725 0.204645
1 0.490507 0.505405
1 0.116839 0.131301
1 0.42329 0.437441
1 0.1812 0.195322
1 0.112916 0.126939
2 0.225514 0.239235
1 0.128685 0.141884
1 0.170674 0.183616
2 0.252788 0.265662
2 0.277166 0.289861
1 0.180213 0.192606
2 0.249109 0.261359
1 0.198071 0.210267
2 0.137021 0.149135
1 0.133511 0.145531
1 0.316634 0.328018
1 0.145664 0.156541
1 0.0902148 0.100579
1 0.123633 0.133995
1 0.256599 0.266776
1 0.418907 0.428613
1 0.131083 0.140732
1 0.221911 0.231549
2 0.256038 0.265675
1 0.101192 0.1108
1 0.148774 0.15837
1 0.502196 0.511693
2 0.225741 0.23482
1 0.406524 0.415469
1 0.270482 0.279161
1 0.110955 0.119532
1 0.341708 0.350269
1 0.190093 0.198623
1 0.107998 0.11637
1 0.21253 0.22084
1 0.143672 0.151879
1 0.432685 0.440841
2 0.175888 0.184001
1 0.114587 0.122564
1 0.0920575 0.099927
1 0.31 0.317429
1 0.324947 0.332283
2 0.316358 0.323614
1 0.195733 0.202846
1 0.138501 0.145532
1 0.40343 0.410313
1 0.151824 0.158445
2 0.146024 0.152428
2 0.184069 0.190444
1 0.156783 0.163089
1 0.160422 0.166421
1 0.245267 0.251196
1 0.698341 0.704257
1 0.12043 0.126185
1 0.158762 0.164472
1 0.365714 0.371255
1 0.195772 0.201226
1 0.215729 0.221126
1 0.191816 0.197189
1 0.264268 0.269605
1 0.22281 0.228143
2 0.496025 0.501349
2 0.452518 0.457813
1 0.12963 0.134858
1 0.135238 0.140427
1 0.162463 0.167426
1 0.416529 0.421405
1 0.135853 0.14071
1 0.136907 0.141744
1 0.358465 0.363187
2 0.275455 0.280151
1 0.158155 0.162817
1 0.141358 0.145936
1 0.31523 0.319602
2 0.137093 0.141458
2 0.142053 0.14635
1 0.133665 0.137848
1 0.188839 0.19298
1 0.134019 0.138134
1 0.126336 0.13039
1 0.22714 0.23118
1 0.127106 0.131124
2 0.708368 0.712325
2 0.13852 0.142471
1 0.102018 0.105892
1 0.102462 0.106181
1 0.39495 0.398647
2 0.495125 0.498549
1 0.368065 0.371396
1 0.13692 0.140024
2 0.158879 0.161781
2 0.296529 0.299295
1 0.29814 0.300898
1 0.781345 0.783995
1 0.335699 0.338337
1 0.145461 0.148041
1 0.111487 0.11391
2 0.175888 0.17819
2 0.235031 0.237317
2 0.134594 0.13684
2 0.205175 0.207373
2 0.303641 0.305813
2 0.156067 0.158183
2 0.254602 0.256712
2 0.147589 0.149647
2 0.219624 0.221596
2 0.139119 0.141025
2 0.150529 0.152428
1 0.130996 0.132787
1 0.190873 0.192593
1 0.130293 0.131978
2 0.267395 0.269013
2 0.216517 0.218127
1 0.183999 0.185599
1 0.197843 0.199425
1 0.164718 0.166299
1 0.198446 0.19998
1 0.197202 0.198664
1 0.108064 0.109478
1 0.130106 0.131492
1 0.115494 0.116818
2 0.175872 0.177183
1 0.125524 0.126822
1 0.160226 0.161507
1 0.120144 0.121384
2 0.457449 0.458663
1 0.153677 0.15489
1 0.163908 0.165049
1 0.127497 0.128634
1 0.394369 0.395283
2 0.2382 0.239033
2 0.150737 0.15156
1 0.146033 0.146835
2 0.437441 0.438183
2 0.136892 0.137598
2 0.152808 0.153504
2 0.15115 0.151841
2 0.138731 0.139335
1 0.197859 0.198354
1 0.425014 0.425364
1 0.135815 0.136162
1 0.203926 0.204181
1 0.113818 0.114059
2 0.446565 0.446747
