1 0.720169 inf
0 0 inf
0 0 inf
0 0 inf
0 0 inf
0 0 inf
0 0 inf
0 0 inf
0 0 inf
0 0 inf
0 0 inf
0 0 inf
0 0 inf
0 0 inf
0 0 inf
0 0 inf
0 0 inf
0 0 0.774236
0 0 0.745726
0 0 0.744454
0 0 0.726154
0 0 0.712141
0 0 0.698658
0 0 0.698353
0 0 0.674044
0 0 0.634129
0 0 0.605562
0 0 0.598614
0 0 0.592502
0 0 0.592194
0 0 0.589597
0 0 0.585237
0 0 0.581218
0 0 0.578626
0 0 0.567257
0 0 0.565769
0 0 0.564232
0 0 0.55821
0 0 0.552352
0 0 0.535226
0 0 0.524982
0 0 0.513685
0 0 0.510733
0 0 0.509794
0 0 0.479614
0 0 0.476506
0 0 0.461768
0 0 0.458732
0 0 0.439008
0 0 0.436536
0 0 0.407248
0 0 0.40718
0 0 0.404972
0 0 0.400928
0 0 0.398156
0 0 0.389569
0 0 0.385332
0 0 0.374041
0 0 0.368406
0 0 0.366033
0 0 0.362795
0 0 0.355898
0 0 0.351415
0 0 0.350246
0 0 0.342311
0 0 0.339582
0 0 0.337151
0 0 0.336159
0 0 0.332731
0 0 0.311689
0 0 0.311247
0 0 0.310433
0 0 0.305995
0 0 0.298033
0 0 0.29524
0 0 0.292664
0 0 0.28625
0 0 0.280848
0 0 0.272573
0 0 0.27171
0 0 0.271419
0 0 0.271113
0 0 0.270904
0 0 0.265783
0 0 0.264338
0 0 0.264335
0 0 0.264239
0 0 0.250901
0 0 0.246091
0 0 0.243397
0 0 0.240593
0 0 0.236687
0 0 0.234925
0 0 0.23375
0 0 0.229708
0 0 0.229457
0 0 0.228322
0 0 0.228079
0 0 0.2254
0 0 0.224703
0 0 0.220557
0 0 0.219564
0 0 0.218488
0 0 0.218475
0 0 0.217856
0 0 0.217735
0 0 0.217302
0 0 0.217298
0 0 0.217297
0 0 0.21714
0 0 0.216467
0 0 0.215746
0 0 0.212409
0 0 0.212052
0 0 0.212033
0 0 0.208707
0 0 0.20852
0 0 0.206136
0 0 0.204295
0 0 0.203921
0 0 0.202723
0 0 0.202534
0 0 0.202459
0 0 0.199652
0 0 0.198854
0 0 0.19845
0 0 0.198363
0 0 0.197253
0 0 0.194864
0 0 0.19355
0 0 0.192709
0 0 0.192664
0 0 0.192597
0 0 0.191016
0 0 0.190596
0 0 0.190101
0 0 0.189377
0 0 0.186528
0 0 0.185237
0 0 0.185203
0 0 0.184586
0 0 0.182462
0 0 0.181529
0 0 0.181312
0 0 0.180538
0 0 0.180223
0 0 0.180122
0 0 0.178036
0 0 0.177926
0 0 0.177383
0 0 0.175986
0 0 0.175951
0 0 0.175169
0 0 0.174781
0 0 0.174551
0 0 0.173093
0 0 0.17309
0 0 0.171768
0 0 0.171684
0 0 0.171573
0 0 0.170596
0 0 0.170526
0 0 0.169559
0 0 0.169212
0 0 0.16898
0 0 0.168317
0 0 0.166294
0 0 0.16618
0 0 0.165231
0 0 0.164836
0 0 0.164424
0 0 0.163903
0 0 0.163467
0 0 0.163041
0 0 0.162889
0 0 0.160942
0 0 0.160939
0 0 0.16058
0 0 0.160439
0 0 0.1599
0 0 0.159529
0 0 0.15938
0 0 0.158729
0 0 0.158682
0 0 0.158243
0 0 0.1566
0 0 0.156449
0 0 0.156218
0 0 0.155852
0 0 0.155657
0 0 0.153688
0 0 0.151119
0 0 0.150749
0 0 0.150353
0 0 0.150332
0 0 0.149763
0 0 0.149245
0 0 0.147856
1 0.226253 0.373999
0 0 0.147724
0 0 0.14749
0 0 0.1474
0 0 0.147168
0 0 0.147109
0 0 0.146682
0 0 0.146607
0 0 0.145262
0 0 0.145232
0 0 0.144949
1 0.617278 0.76205
0 0 0.144112
0 0 0.143236
0 0 0.142316
0 0 0.14173
0 0 0.141655
0 0 0.141132
0 0 0.141
0 0 0.140718
0 0 0.139885
0 0 0.139846
0 0 0.138246
0 0 0.136606
0 0 0.136456
0 0 0.136082
0 0 0.135953
0 0 0.135498
0 0 0.134669
0 0 0.134601
0 0 0.134218
0 0 0.134048
0 0 0.134026
0 0 0.133291
0 0 0.133023
0 0 0.132909
0 0 0.13276
0 0 0.132676
0 0 0.132447
0 0 0.131831
0 0 0.130584
0 0 0.130256
0 0 0.129589
0 0 0.128806
0 0 0.128348
0 0 0.127665
0 0 0.126472
0 0 0.12643
0 0 0.124523
0 0 0.124173
0 0 0.123933
0 0 0.123916
0 0 0.123598
0 0 0.123551
0 0 0.123129
0 0 0.122898
0 0 0.122533
0 0 0.122315
0 0 0.122298
0 0 0.122181
0 0 0.121102
0 0 0.120026
0 0 0.119664
0 0 0.117908
0 0 0.117358
1 0.639336 0.756456
0 0 0.116552
0 0 0.116367
0 0 0.116261
0 0 0.116179
0 0 0.116053
0 0 0.115272
0 0 0.115198
0 0 0.114735
0 0 0.114502
0 0 0.114147
0 0 0.113997
0 0 0.113309
0 0 0.113195
0 0 0.113017
0 0 0.112704
0 0 0.112589
0 0 0.112358
0 0 0.110856
0 0 0.109723
0 0 0.109535
0 0 0.109086
0 0 0.10857
0 0 0.108138
0 0 0.107987
0 0 0.107805
0 0 0.107161
0 0 0.106993
0 0 0.106489
0 0 0.106293
0 0 0.106031
1 0.278731 0.384278
0 0 0.105355
0 0 0.104611
0 0 0.104334
0 0 0.104291
0 0 0.104152
0 0 0.1039
0 0 0.103834
0 0 0.103621
0 0 0.103431
0 0 0.103358
0 0 0.102563
0 0 0.102176
0 0 0.10191
0 0 0.10183
0 0 0.101394
0 0 0.101323
0 0 0.10087
0 0 0.0994254
0 0 0.0993958
0 0 0.0989933
0 0 0.0987056
0 0 0.0984265
0 0 0.0979151
0 0 0.097757
0 0 0.0977562
0 0 0.0968403
0 0 0.0964728
0 0 0.0953534
0 0 0.0952691
0 0 0.0952685
0 0 0.0949859
0 0 0.0941599
0 0 0.0938877
0 0 0.0934354
0 0 0.0932645
0 0 0.0931297
0 0 0.0930216
0 0 0.0928256
0 0 0.0925788
0 0 0.0924672
0 0 0.0918906
0 0 0.0916794
0 0 0.091627
0 0 0.0911415
0 0 0.0895987
0 0 0.0895273
0 0 0.0894012
0 0 0.0893608
0 0 0.0893454
0 0 0.0887081
0 0 0.0886251
0 0 0.0884404
0 0 0.087524
0 0 0.0870829
0 0 0.0869738
0 0 0.086958
0 0 0.0867661
0 0 0.0865577
0 0 0.0865457
0 0 0.0864574
0 0 0.0861923
0 0 0.0859367
0 0 0.0859322
0 0 0.0856812
0 0 0.085568
0 0 0.0854039
0 0 0.0851065
0 0 0.0846471
0 0 0.0842539
0 0 0.0838466
0 0 0.0837947
0 0 0.0827764
0 0 0.0822917
0 0 0.0822435
0 0 0.0818094
0 0 0.081517
0 0 0.0814111
0 0 0.0799135
0 0 0.0790884
0 0 0.0790801
0 0 0.0789768
0 0 0.0787086
0 0 0.0785575
0 0 0.0783605
0 0 0.0776383
0 0 0.0774776
0 0 0.0773927
0 0 0.0768236
0 0 0.0765852
0 0 0.0764205
0 0 0.0762666
0 0 0.0762082
0 0 0.0754459
0 0 0.0751552
0 0 0.0747652
0 0 0.0737758
1 0.585126 0.65763
0 0 0.0724332
0 0 0.0708791
0 0 0.0707758
0 0 0.0699852
0 0 0.0697733
0 0 0.0686799
0 0 0.0680268
0 0 0.0670281
0 0 0.065892
0 0 0.0648753
0 0 0.0634163
0 0 0.0626571
0 0 0.0560581
0 0 0.0516327
1 0.273426 0.323578
1 0.406768 0.455304
1 0.227299 0.274308
1 0.395629 0.436812
1 0.21136 0.250906
1 0.74649 0.785066
1 0.370092 0.407011
1 0.194059 0.229173
1 0.263585 0.298688
1 0.167227 0.202193
1 0.168579 0.200276
1 0.267329 0.298688
1 0.176542 0.206702
1 0.137141 0.165751
1 0.282928 0.311034
1 0.261182 0.287776
1 0.139155 0.165628
1 0.116098 0.139644
1 0.119876 0.142846
1 0.0931913 0.11582
1 0.349663 0.371908
1 0.117644 0.13979
1 0.150755 0.171495
1 0.225214 0.245854
1 0.325691 0.345878
1 0.275258 0.295239
1 0.119747 0.139039
1 0.125606 0.144687
2 0.1733 0.192376
1 0.576115 0.594766
1 0.229016 0.247534
1 0.637013 0.654982
1 0.131063 0.148765
1 0.111841 0.129151
1 0.288294 0.305182
1 0.17037 0.187173
1 0.0994031 0.115623
1 0.190638 0.206714
1 0.104463 0.120307
1 0.235973 0.251197
1 0.0915202 0.106727
1 0.237176 0.251941
1 0.136086 0.150816
1 0.152442 0.167079
1 0.251797 0.26625
1 0.096714 0.111162
1 0.522993 0.537412
2 0.17479 0.188921
1 0.0924109 0.105893
1 0.111094 0.124546
1 0.120613 0.133988
1 0.153052 0.165998
1 0.168961 0.181686
1 0.128105 0.140635
1 0.188122 0.200229
1 0.115294 0.12729
1 0.102581 0.114374
1 0.095638 0.107268
1 0.1536 0.165226
1 0.221799 0.233392
1 0.188072 0.199547
1 0.105343 0.116523
1 0.209458 0.220122
1 0.21697 0.22758
1 0.149097 0.159647
1 0.312343 0.322839
1 0.101504 0.111904
1 0.0918985 0.102174
1 0.100266 0.110508
1 0.0937242 0.103899
1 0.236041 0.246177
1 0.172349 0.182211
1 0.145437 0.155278
1 0.19563 0.205327
1 0.14106 0.150725
1 0.182672 0.192066
2 0.114901 0.124271
1 0.125197 0.134425
1 0.118454 0.12763
2 0.142591 0.151717
1 0.10263 0.111747
2 0.121522 0.130506
1 0.0917523 0.100667
2 0.288661 0.297487
1 0.0952069 0.103908
1 0.198345 0.207021
1 0.12685 0.135481
1 0.0956647 0.104221
1 0.0955883 0.104068
1 0.254001 0.262409
2 0.15816 0.166504
1 0.104768 0.113085
1 0.112279 0.120576
1 0.143597 0.151814
1 0.154183 0.162173
1 0.779321 0.787162
1 0.100989 0.10876
1 0.117225 0.12495
1 0.147253 0.154976
1 0.202494 0.209583
1 0.110724 0.117744
1 0.611765 0.618754
2 0.155544 0.162511
1 0.158581 0.165434
1 0.182105 0.188639
1 0.208369 0.214881
1 0.142946 0.14944
1 0.107095 0.113547
1 0.118207 0.124502
1 0.104453 0.110508
2 0.113895 0.119915
1 0.155413 0.161292
2 0.165998 0.17182
1 0.134818 0.140635
1 0.152066 0.157681
1 0.104883 0.110475
2 0.157621 0.163211
1 0.124911 0.130437
1 0.0970177 0.102374
1 0.145305 0.150628
1 0.103763 0.109067
1 0.102218 0.107517
2 0.326757 0.332028
1 0.147494 0.152661
1 0.0858659 0.0910018
1 0.213236 0.218336
1 0.0979691 0.102965
1 0.0896351 0.0946206
1 0.138982 0.143947
1 0.150471 0.155391
1 0.120839 0.125646
2 0.395326 0.400067
2 0.14691 0.151628
1 0.159452 0.164166
1 0.155165 0.159803
2 0.116338 0.120921
1 0.096482 0.101053
1 0.179092 0.183607
2 0.117176 0.121659
1 0.1291 0.133528
1 0.148929 0.153331
1 0.149766 0.154151
1 0.281418 0.285733
1 0.103081 0.10731
2 0.1423 0.146437
2 0.208219 0.21215
1 0.100766 0.104653
2 0.176566 0.180397
1 0.114906 0.118724
2 0.115934 0.119752
1 0.139135 0.142879
2 0.287279 0.29095
1 0.125075 0.128736
1 0.109621 0.113067
1 0.285134 0.288561
1 0.0980755 0.101502
1 0.112907 0.116268
1 0.15147 0.154734
1 0.106384 0.109523
1 0.136041 0.139174
1 0.110785 0.113917
2 0.235855 0.238976
1 0.122486 0.125569
1 0.171511 0.174556
1 0.233084 0.236051
1 0.147614 0.150521
1 0.155839 0.158733
2 0.121385 0.124221
2 0.122144 0.124969
1 0.159606 0.162425
1 0.219874 0.222643
1 0.220277 0.223021
1 0.167144 0.169811
1 0.0946781 0.0973305
1 0.127477 0.130113
1 0.178115 0.18074
2 0.167311 0.169924
1 0.103863 0.106354
2 0.116523 0.118978
1 0.10232 0.104653
1 0.192885 0.195212
2 0.129869 0.1321
1 0.361969 0.364174
2 0.167075 0.169252
2 0.196861 0.199012
1 0.196231 0.198341
1 0.192199 0.194295
1 0.113654 0.115744
1 0.188567 0.190632
1 0.123248 0.125248
1 0.173267 0.175243
2 0.209044 0.210997
2 0.131146 0.133049
1 0.0998115 0.101473
1 0.126276 0.127908
2 0.132241 0.133852
1 0.104668 0.106237
1 0.278193 0.279726
2 0.137169 0.138699
1 0.223449 0.224896
1 0.108079 0.109523
1 0.136208 0.1376
1 0.195092 0.196194
1 0.122818 0.123872
1 0.113848 0.114889
1 0.112016 0.113041
2 0.219079 0.220047
2 0.126563 0.12742
2 0.121228 0.121932
2 0.166309 0.166914
1 0.678933 0.679464
1 0.172178 0.172684
1 0.110036 0.110485
2 0.195704 0.196063
2 0.126563 0.126887
2 0.117023 0.117226
1 0.115854 0.116047
1 0.167387 0.167557
2 0.120307 0.120475
2 0.123625 0.123772
2 0.304368 0.304483
2 0.209044 0.209106
1 0.120201 0.12022
