0 0 inf
0 0 inf
0 0 inf
0 0 inf
0 0 inf
0 0 inf
0 0 inf
0 0 inf
0 0 inf
0 0 inf
0 0 inf
0 0 inf
1 0.776678 inf
0 0 inf
0 0 inf
0 0 inf
0 0 inf
0 0 inf
0 0 inf
0 0 inf
0 0 inf
0 0 inf
0 0 inf
1 0.708552 inf
0 0 0.758908
0 0 0.755852
0 0 0.716556
0 0 0.664054
0 0 0.652124
0 0 0.636513
0 0 0.621675
0 0 0.608294
0 0 0.583606
0 0 0.58226
0 0 0.575096
0 0 0.554375
0 0 0.554253
0 0 0.549457
0 0 0.537268
0 0 0.534677
0 0 0.519198
0 0 0.515666
0 0 0.506116
0 0 0.504279
0 0 0.503807
0 0 0.500335
0 0 0.49729
0 0 0.486752
0 0 0.472943
0 0 0.470342
0 0 0.468217
0 0 0.465988
0 0 0.464937
0 0 0.45717
0 0 0.444933
0 0 0.443591
0 0 0.421674
0 0 0.419549
0 0 0.418242
0 0 0.416966
0 0 0.413624
0 0 0.402627
0 0 0.400068
0 0 0.398562
0 0 0.397256
0 0 0.392178
0 0 0.384497
0 0 0.375728
0 0 0.372581
0 0 0.367438
0 0 0.364508
0 0 0.360481
0 0 0.357226
0 0 0.354141
0 0 0.350321
0 0 0.349449
0 0 0.347555
0 0 0.346502
0 0 0.343964
0 0 0.343257
0 0 0.341938
0 0 0.33426
0 0 0.333975
0 0 0.333879
0 0 0.331639
0 0 0.331504
0 0 0.331092
0 0 0.331044
0 0 0.330161
0 0 0.329874
0 0 0.329621
0 0 0.329255
0 0 0.323713
0 0 0.318851
0 0 0.318838
0 0 0.318093
0 0 0.315766
0 0 0.315375
0 0 0.30928
0 0 0.309058
0 0 0.307161
0 0 0.304917
0 0 0.29829
0 0 0.297909
0 0 0.296867
0 0 0.295197
0 0 0.288076
0 0 0.288066
0 0 0.285203
0 0 0.281852
0 0 0.277522
0 0 0.275854
0 0 0.274451
0 0 0.274325
0 0 0.273327
0 0 0.271346
0 0 0.268863
0 0 0.268212
0 0 0.267237
0 0 0.263054
0 0 0.26211
0 0 0.261931
0 0 0.260655
0 0 0.259768
0 0 0.256928
0 0 0.256316
0 0 0.256238
0 0 0.253064
0 0 0.249418
0 0 0.237475
0 0 0.233842
0 0 0.231763
0 0 0.229718
0 0 0.229101
0 0 0.227019
0 0 0.224139
0 0 0.221212
0 0 0.221105
0 0 0.22039
0 0 0.219488
0 0 0.218156
0 0 0.217753
0 0 0.217514
0 0 0.211662
0 0 0.210462
0 0 0.209277
0 0 0.208435
0 0 0.208169
0 0 0.205764
0 0 0.205373
0 0 0.204706
0 0 0.204655
0 0 0.204509
0 0 0.20428
0 0 0.204098
0 0 0.200938
0 0 0.200393
0 0 0.19983
0 0 0.19982
0 0 0.197916
0 0 0.197896
0 0 0.197688
0 0 0.197102
0 0 0.196493
0 0 0.191737
0 0 0.191372
0 0 0.190995
0 0 0.190016
0 0 0.189421
0 0 0.188352
0 0 0.185344
0 0 0.18506
0 0 0.184509
0 0 0.183919
0 0 0.18377
0 0 0.181618
0 0 0.18077
0 0 0.180401
0 0 0.180389
0 0 0.180174
0 0 0.179883
0 0 0.178824
0 0 0.177743
0 0 0.17762
0 0 0.175759
0 0 0.17494
0 0 0.173159
0 0 0.172833
0 0 0.172345
0 0 0.17129
0 0 0.170625
0 0 0.17033
0 0 0.169591
0 0 0.168621
0 0 0.16802
0 0 0.167257
0 0 0.166784
0 0 0.164683
0 0 0.164488
0 0 0.16418
0 0 0.163782
0 0 0.162636
0 0 0.162371
0 0 0.161438
0 0 0.160676
0 0 0.160517
0 0 0.160422
0 0 0.16037
0 0 0.160256
0 0 0.158791
0 0 0.158257
0 0 0.157168
0 0 0.156843
0 0 0.156514
0 0 0.156356
0 0 0.154935
0 0 0.152992
0 0 0.1527
0 0 0.152487
0 0 0.151716
0 0 0.151535
0 0 0.151076
0 0 0.150964
0 0 0.150659
0 0 0.149481
0 0 0.147909
0 0 0.147269
0 0 0.1462
0 0 0.146114
0 0 0.145939
0 0 0.145401
0 0 0.144817
1 0.5351 0.679613
0 0 0.143904
0 0 0.142001
0 0 0.141836
0 0 0.141496
0 0 0.141057
0 0 0.140627
0 0 0.140061
0 0 0.139189
0 0 0.138564
0 0 0.138223
0 0 0.136293
0 0 0.135915
0 0 0.132723
0 0 0.132066
0 0 0.131913
0 0 0.131825
0 0 0.131615
0 0 0.130902
0 0 0.130723
0 0 0.130644
0 0 0.130573
0 0 0.130396
0 0 0.129983
0 0 0.129902
0 0 0.129882
0 0 0.129677
0 0 0.129503
0 0 0.129043
0 0 0.12742
0 0 0.1273
0 0 0.127108
0 0 0.126864
0 0 0.126646
0 0 0.126533
0 0 0.126502
0 0 0.125691
0 0 0.125312
0 0 0.124766
0 0 0.124544
0 0 0.123959
0 0 0.123753
0 0 0.123406
0 0 0.122384
0 0 0.121567
0 0 0.120963
0 0 0.120783
0 0 0.12071
0 0 0.119814
0 0 0.119802
0 0 0.119681
0 0 0.119339
0 0 0.119103
0 0 0.118614
0 0 0.118149
0 0 0.117701
0 0 0.117697
0 0 0.117339
0 0 0.116659
0 0 0.116607
0 0 0.116578
0 0 0.116514
0 0 0.116446
0 0 0.116333
0 0 0.116265
0 0 0.115597
0 0 0.115277
0 0 0.115204
0 0 0.114167
0 0 0.113555
0 0 0.113447
0 0 0.113296
0 0 0.113101
0 0 0.112341
0 0 0.112043
0 0 0.112018
0 0 0.111628
0 0 0.111465
0 0 0.110694
0 0 0.110265
0 0 0.1101
0 0 0.10963
0 0 0.109002
0 0 0.108846
0 0 0.108546
0 0 0.107159
0 0 0.106975
0 0 0.106409
0 0 0.105879
0 0 0.105878
0 0 0.104159
0 0 0.103809
0 0 0.103487
0 0 0.103414
0 0 0.103123
0 0 0.10294
0 0 0.102861
0 0 0.102058
0 0 0.101695
0 0 0.101627
0 0 0.101139
0 0 0.10089
1 0.568819 0.66962
0 0 0.100593
0 0 0.100515
0 0 0.100452
0 0 0.100242
0 0 0.100002
0 0 0.0999723
0 0 0.0999245
0 0 0.0997078
0 0 0.0995666
0 0 0.0994535
0 0 0.0992258
0 0 0.09836
0 0 0.0981707
0 0 0.0980719
0 0 0.0979613
0 0 0.0978188
0 0 0.0977837
0 0 0.0976099
0 0 0.0975815
0 0 0.0974595
0 0 0.0974057
0 0 0.0973679
0 0 0.0973332
0 0 0.0965053
0 0 0.0964994
0 0 0.0962004
0 0 0.0961705
0 0 0.0959711
0 0 0.0955664
0 0 0.0949023
0 0 0.0945807
0 0 0.0945068
0 0 0.0938973
0 0 0.0937971
0 0 0.0931006
0 0 0.0927573
0 0 0.0926681
0 0 0.0926046
0 0 0.0925855
0 0 0.0924411
0 0 0.0923282
0 0 0.0921072
0 0 0.0910431
0 0 0.0908488
0 0 0.0901037
0 0 0.0896819
0 0 0.089235
0 0 0.0890183
0 0 0.0887347
0 0 0.0884624
0 0 0.0873654
0 0 0.087171
0 0 0.0867126
0 0 0.0861969
0 0 0.0852063
0 0 0.0848463
0 0 0.0842627
0 0 0.0841592
0 0 0.0840694
0 0 0.0836585
0 0 0.0835781
0 0 0.0830683
1 0.319854 0.402213
1 0.514644 0.59667
0 0 0.081111
0 0 0.0799731
0 0 0.0783394
0 0 0.0779346
1 0.487528 0.564578
1 0.712608 0.789029
0 0 0.0761438
0 0 0.073989
1 0.465353 0.539203
0 0 0.0723286
1 0.35391 0.425184
1 0.379373 0.44666
1 0.364472 0.42814
1 0.274921 0.333495
1 0.228099 0.274979
1 0.365972 0.412293
1 0.242277 0.287917
1 0.624383 0.669641
1 0.23425 0.276273
1 0.383166 0.42111
1 0.180676 0.213387
1 0.14199 0.17453
1 0.326785 0.357174
1 0.213641 0.24381
1 0.164086 0.194246
1 0.216231 0.245295
1 0.581804 0.609764
1 0.360385 0.3874
1 0.330402 0.354841
1 0.101915 0.125491
1 0.569959 0.59278
1 0.188084 0.210766
1 0.120698 0.14267
2 0.770568 0.792453
1 0.605096 0.625846
1 0.390812 0.411339
1 0.212534 0.232232
1 0.119355 0.138838
1 0.367586 0.386441
1 0.468063 0.486679
1 0.10029 0.118883
1 0.146579 0.164885
1 0.128387 0.14614
1 0.137441 0.154445
1 0.689875 0.706814
1 0.18817 0.204348
2 0.168677 0.184772
1 0.608738 0.624343
1 0.180223 0.195813
1 0.2776 0.29269
1 0.595773 0.610419
1 0.124571 0.138929
1 0.134721 0.148756
1 0.183043 0.197065
1 0.190079 0.203911
1 0.134235 0.147994
1 0.0978356 0.111571
1 0.207548 0.221128
1 0.257348 0.270924
1 0.105675 0.119123
1 0.115676 0.12911
1 0.0990764 0.112473
1 0.212084 0.225342
1 0.15049 0.163486
1 0.183041 0.195845
1 0.168092 0.180797
1 0.209354 0.221853
1 0.217852 0.22997
1 0.130967 0.14297
1 0.4409 0.4529
1 0.246241 0.258184
2 0.465931 0.477608
1 0.123389 0.135057
1 0.113005 0.124666
1 0.122509 0.13414
1 0.11172 0.123336
1 0.159087 0.170656
1 0.250719 0.26224
1 0.112047 0.123564
1 0.182919 0.19434
1 0.175397 0.186761
1 0.113492 0.124781
1 0.108001 0.119173
1 0.208678 0.219833
1 0.119668 0.130481
1 0.159867 0.170533
1 0.13313 0.143733
1 0.118521 0.129098
1 0.123543 0.134073
1 0.0900288 0.100428
1 0.158242 0.168405
1 0.258754 0.26889
1 0.18528 0.195321
1 0.124477 0.134334
1 0.210293 0.220064
1 0.152147 0.161796
1 0.205618 0.215149
2 0.144943 0.154391
2 0.114971 0.124399
1 0.203533 0.212907
1 0.155426 0.164687
1 0.120604 0.129827
1 0.128895 0.137696
1 0.109823 0.11856
1 0.105898 0.114361
1 0.184175 0.192512
1 0.100989 0.109242
2 0.124297 0.132448
1 0.0947948 0.1029
1 0.124517 0.132487
1 0.103434 0.11137
1 0.130467 0.138221
1 0.126132 0.133824
1 0.167992 0.175649
1 0.127477 0.135057
1 0.166757 0.174263
1 0.103118 0.110619
1 0.141507 0.148856
1 0.11562 0.122892
1 0.147461 0.154494
2 0.224817 0.231844
1 0.115889 0.122902
1 0.166547 0.173495
1 0.190869 0.197661
2 0.138451 0.145235
1 0.141778 0.148499
1 0.149742 0.156348
2 0.277763 0.284347
1 0.175073 0.181656
1 0.133624 0.140186
1 0.555949 0.562359
2 0.12367 0.129899
1 0.118541 0.124767
2 0.139015 0.145235
1 0.119853 0.126069
1 0.162727 0.168825
2 0.136831 0.142837
1 0.122721 0.128713
1 0.113229 0.119063
1 0.145803 0.151636
1 0.199466 0.205197
2 0.113656 0.119377
1 0.125061 0.130573
2 0.123643 0.128785
2 0.133292 0.138338
2 0.213212 0.218227
1 0.109026 0.113917
1 0.128343 0.133213
1 0.147192 0.152046
2 0.143613 0.148204
1 0.104564 0.109014
1 0.136409 0.140642
2 0.139381 0.143464
2 0.223158 0.22724
1 0.218394 0.222432
1 0.106239 0.110258
1 0.105328 0.109312
2 0.130268 0.134241
2 0.251413 0.255357
1 0.124819 0.128743
2 0.188648 0.192556
1 0.317531 0.321427
1 0.128023 0.131872
2 0.130175 0.133753
1 0.155107 0.158654
1 0.232742 0.236283
1 0.105308 0.108765
2 0.120017 0.123353
1 0.118962 0.122213
1 0.169773 0.17298
1 0.138573 0.141763
2 0.1315 0.13465
2 0.13538 0.13851
1 0.119522 0.122648
2 0.135758 0.138877
1 0.11689 0.120002
1 0.107127 0.110181
2 0.132323 0.13534
1 0.160275 0.163234
1 0.202492 0.205449
1 0.191157 0.194104
1 0.129862 0.132761
2 0.14552 0.148313
1 0.131785 0.134496
1 0.12435 0.126906
1 0.132454 0.13494
1 0.12775 0.130205
1 0.134897 0.137352
2 0.130814 0.133216
1 0.117486 0.119873
2 0.155103 0.157479
2 0.143492 0.145854
2 0.134844 0.137176
1 0.11382 0.116143
1 0.137905 0.140227
2 0.127033 0.129228
1 0.135521 0.137619
2 0.402984 0.404905
1 0.237602 0.239493
2 0.636562 0.638419
1 0.108181 0.110038
2 0.147277 0.149128
1 0.102726 0.104549
2 0.134073 0.135844
2 0.134073 0.135844
2 0.145006 0.146739
1 0.11225 0.113917
2 0.124399 0.12605
2 0.135712 0.137352
2 0.113451 0.114973
2 0.113451 0.114973
2 0.146463 0.14787
1 0.104059 0.10538
1 0.111001 0.112278
1 0.0996233 0.100851
1 0.135264 0.136401
1 0.108739 0.10985
1 0.137479 0.138553
1 0.142436 0.143477
1 0.0996395 0.100644
1 0.161479 0.162456
2 0.131925 0.132842
2 0.16689 0.167789
2 0.124949 0.125828
1 0.117911 0.118774
1 0.116797 0.117639
2 0.287045 0.287834
1 0.183057 0.183828
1 0.107898 0.108666
1 0.120017 0.120729
1 0.193638 0.19434
1 0.100218 0.100851
2 0.272807 0.273426
1 0.120997 0.121603
1 0.214194 0.214784
2 0.132663 0.133219
2 0.133229 0.133744
2 0.146231 0.146739
1 0.129569 0.13005
1 0.200976 0.201451
1 0.176532 0.177005
1 0.164997 0.16545
1 0.326221 0.326657
2 0.132824 0.133216
2 0.13186 0.132248
2 0.146094 0.146374
2 0.137892 0.138171
1 0.161732 0.161993
1 0.133714 0.13395
1 0.20419 0.204348
2 0.138933 0.139075
1 0.113375 0.113451
1 0.158861 0.158914
2 0.180413 0.180444
