0 0 inf
0 0 inf
0 0 inf
0 0 inf
0 0 inf
0 0 inf
0 0 inf
0 0 inf
0 0 inf
1 0.790768 inf
0 0 inf
0 0 inf
0 0 inf
0 0 inf
0 0 inf
0 0 inf
0 0 inf
0 0 inf
1 0.757392 inf
1 0.739493 inf
0 0 inf
0 0 inf
0 0 inf
0 0 inf
0 0 inf
0 0 inf
0 0 inf
0 0 inf
0 0 inf
0 0 inf
0 0 inf
0 0 inf
0 0 0.77473
0 0 0.749214
0 0 0.744701
0 0 0.744093
0 0 0.72909
0 0 0.717873
0 0 0.711189
0 0 0.688096
0 0 0.66986
0 0 0.646618
0 0 0.639464
0 0 0.625303
0 0 0.60448
0 0 0.6015
0 0 0.584086
0 0 0.579529
0 0 0.571364
0 0 0.567797
0 0 0.555656
0 0 0.555504
0 0 0.554872
0 0 0.544481
0 0 0.543271
0 0 0.538689
0 0 0.538158
0 0 0.534714
0 0 0.533808
0 0 0.531542
0 0 0.521096
0 0 0.518784
0 0 0.514273
0 0 0.506439
0 0 0.491864
0 0 0.489108
0 0 0.483075
0 0 0.482398
0 0 0.482317
0 0 0.482114
0 0 0.477586
0 0 0.477033
0 0 0.47552
0 0 0.462016
0 0 0.440934
0 0 0.439845
0 0 0.438262
0 0 0.437722
0 0 0.432461
0 0 0.430112
0 0 0.428621
0 0 0.427888
0 0 0.424701
0 0 0.421631
0 0 0.420624
0 0 0.420545
0 0 0.419595
0 0 0.416953
0 0 0.416468
0 0 0.414706
0 0 0.413973
0 0 0.411538
0 0 0.41144
0 0 0.408158
0 0 0.407959
0 0 0.407679
0 0 0.405656
0 0 0.402177
0 0 0.398027
0 0 0.39404
0 0 0.393612
0 0 0.393092
0 0 0.39262
0 0 0.389489
0 0 0.388062
0 0 0.383528
0 0 0.382365
0 0 0.380713
0 0 0.374984
0 0 0.374125
0 0 0.372956
0 0 0.370511
0 0 0.367821
0 0 0.364762
0 0 0.361634
0 0 0.361473
0 0 0.360664
0 0 0.359282
0 0 0.356764
0 0 0.347825
0 0 0.346043
0 0 0.342983
0 0 0.341867
0 0 0.340875
0 0 0.337751
0 0 0.334512
0 0 0.33177
0 0 0.331207
0 0 0.330144
0 0 0.324396
0 0 0.322392
0 0 0.319148
0 0 0.317156
0 0 0.316937
0 0 0.315373
0 0 0.314775
0 0 0.314211
0 0 0.312324
0 0 0.312247
0 0 0.312135
0 0 0.309403
0 0 0.309021
0 0 0.307774
0 0 0.306853
0 0 0.306591
0 0 0.306373
0 0 0.303095
0 0 0.301957
0 0 0.300645
0 0 0.300535
0 0 0.299782
0 0 0.298289
0 0 0.297805
0 0 0.297017
0 0 0.294968
0 0 0.294638
0 0 0.293666
0 0 0.292635
0 0 0.289897
0 0 0.288509
0 0 0.287408
0 0 0.284666
0 0 0.284319
0 0 0.284052
0 0 0.283947
0 0 0.283093
0 0 0.282567
0 0 0.281616
0 0 0.28137
0 0 0.280798
0 0 0.278502
0 0 0.275793
0 0 0.274076
0 0 0.272858
0 0 0.272674
0 0 0.271887
0 0 0.270892
0 0 0.269955
0 0 0.269538
0 0 0.269483
0 0 0.269458
0 0 0.266829
0 0 0.262571
0 0 0.260849
0 0 0.258333
0 0 0.258091
0 0 0.257759
0 0 0.256701
0 0 0.256051
0 0 0.255673
0 0 0.254377
0 0 0.253309
0 0 0.252282
0 0 0.252041
0 0 0.250428
0 0 0.250375
0 0 0.249752
0 0 0.247356
0 0 0.246426
0 0 0.244173
0 0 0.241471
0 0 0.24118
0 0 0.241144
0 0 0.240809
0 0 0.239585
0 0 0.239385
0 0 0.239294
0 0 0.239052
0 0 0.237851
0 0 0.23699
0 0 0.236719
0 0 0.235974
0 0 0.235619
0 0 0.230852
0 0 0.229909
0 0 0.22952
0 0 0.229102
0 0 0.229081
0 0 0.22791
0 0 0.22733
0 0 0.22547
0 0 0.225223
0 0 0.224688
0 0 0.224127
0 0 0.223827
0 0 0.22162
0 0 0.221296
0 0 0.221208
0 0 0.221141
0 0 0.220078
0 0 0.219832
0 0 0.218441
0 0 0.217704
0 0 0.217358
0 0 0.216912
0 0 0.21547
0 0 0.215439
0 0 0.21499
0 0 0.214872
0 0 0.213879
0 0 0.213869
0 0 0.213637
0 0 0.209476
0 0 0.208811
0 0 0.208637
0 0 0.207585
0 0 0.207151
0 0 0.206659
0 0 0.205784
0 0 0.205764
0 0 0.205562
0 0 0.204534
0 0 0.203444
0 0 0.203199
0 0 0.202661
0 0 0.202446
0 0 0.202075
0 0 0.20196
0 0 0.201678
0 0 0.201348
0 0 0.201101
0 0 0.200748
0 0 0.200377
0 0 0.199014
0 0 0.198509
0 0 0.195891
0 0 0.195657
0 0 0.195397
0 0 0.195037
0 0 0.194072
0 0 0.193847
0 0 0.192458
0 0 0.192285
0 0 0.191365
0 0 0.190688
0 0 0.190398
0 0 0.19014
0 0 0.189259
0 0 0.18925
0 0 0.188871
0 0 0.187554
0 0 0.187512
0 0 0.187212
0 0 0.186992
0 0 0.186107
0 0 0.18505
0 0 0.184874
0 0 0.183542
0 0 0.182098
0 0 0.181312
0 0 0.180128
0 0 0.179423
0 0 0.178396
0 0 0.178291
0 0 0.177946
0 0 0.176932
0 0 0.176885
0 0 0.176869
0 0 0.175202
0 0 0.175005
0 0 0.17347
0 0 0.171894
0 0 0.171738
0 0 0.170924
0 0 0.170324
0 0 0.17011
0 0 0.168678
0 0 0.167796
0 0 0.167172
0 0 0.166107
0 0 0.166101
0 0 0.165832
0 0 0.164854
0 0 0.164454
0 0 0.164337
0 0 0.164258
0 0 0.164071
0 0 0.163613
0 0 0.162892
0 0 0.162127
0 0 0.161789
0 0 0.161734
0 0 0.16161
0 0 0.161411
0 0 0.161075
0 0 0.160348
0 0 0.159985
0 0 0.159845
0 0 0.159128
0 0 0.15894
0 0 0.158191
0 0 0.158159
0 0 0.15768
0 0 0.155781
0 0 0.154784
0 0 0.15465
0 0 0.1539
0 0 0.153136
0 0 0.152998
0 0 0.152771
0 0 0.152535
0 0 0.151049
0 0 0.15088
0 0 0.149933
0 0 0.149664
0 0 0.149128
0 0 0.149007
0 0 0.147769
0 0 0.147561
0 0 0.146332
0 0 0.146045
0 0 0.145863
0 0 0.145453
0 0 0.145288
0 0 0.145156
0 0 0.144863
0 0 0.144053
0 0 0.144049
0 0 0.141437
0 0 0.139255
0 0 0.138747
0 0 0.138728
1 0.570489 0.708032
0 0 0.136982
0 0 0.136859
0 0 0.136451
0 0 0.134136
0 0 0.132466
0 0 0.132082
0 0 0.131504
0 0 0.129619
0 0 0.128598
0 0 0.127868
0 0 0.127734
0 0 0.127217
0 0 0.126992
0 0 0.126914
0 0 0.126814
0 0 0.126452
0 0 0.1263
0 0 0.125841
0 0 0.124562
0 0 0.12414
0 0 0.123603
0 0 0.12355
0 0 0.121527
0 0 0.120808
0 0 0.117943
0 0 0.115463
0 0 0.114052
0 0 0.113791
0 0 0.113035
0 0 0.112842
0 0 0.110935
0 0 0.109193
0 0 0.109131
0 0 0.106612
1 0.512869 0.616883
0 0 0.103851
0 0 0.101237
1 0.612696 0.712626
0 0 0.0947316
0 0 0.0920871
0 0 0.0916518
0 0 0.0883161
1 0.341837 0.428012
0 0 0.0809709
1 0.257236 0.335836
1 0.35019 0.428012
1 0.316011 0.387871
1 0.300699 0.368983
1 0.262456 0.32444
1 0.5684 0.627812
1 0.263132 0.321772
1 0.284504 0.339442
1 0.444418 0.498446
1 0.226113 0.279825
1 0.36465 0.417724
1 0.352625 0.403913
1 0.510631 0.561028
1 0.441519 0.48926
1 0.351718 0.399243
1 0.253086 0.300449
1 0.459342 0.506533
1 0.43244 0.479617
1 0.58103 0.627466
1 0.278594 0.324653
1 0.651421 0.696009
1 0.321222 0.365561
2 0.409317 0.453571
1 0.592271 0.635381
1 0.324661 0.367057
1 0.362306 0.404206
1 0.367473 0.408525
1 0.208729 0.248958
1 0.401581 0.441496
1 0.510218 0.550022
1 0.52062 0.55988
1 0.515313 0.554272
1 0.334627 0.37273
1 0.435624 0.47214
1 0.710265 0.746163
1 0.319795 0.354637
1 0.31678 0.351167
1 0.2771 0.310993
1 0.182298 0.215233
1 0.534941 0.567729
1 0.419972 0.452471
1 0.228031 0.260096
1 0.197928 0.227794
1 0.617669 0.64741
1 0.337502 0.367185
1 0.428158 0.457678
1 0.280834 0.309535
1 0.246449 0.274567
1 0.16388 0.191912
1 0.187337 0.215254
1 0.296278 0.322795
1 0.159716 0.186007
1 0.41821 0.442898
1 0.450891 0.475279
1 0.360862 0.385118
1 0.386366 0.409973
1 0.222742 0.246259
1 0.233745 0.256937
1 0.157289 0.180331
1 0.649318 0.67232
1 0.263496 0.28573
1 0.21009 0.231824
1 0.485002 0.506687
1 0.206538 0.227912
1 0.208999 0.230344
2 0.310396 0.3316
1 0.26581 0.287008
1 0.247553 0.26871
1 0.59099 0.611653
1 0.204309 0.224962
2 0.328186 0.34881
1 0.411567 0.432131
2 0.411337 0.431866
1 0.20101 0.221272
1 0.164407 0.184612
2 0.479234 0.498833
1 0.574482 0.594072
1 0.191087 0.210575
1 0.299866 0.319233
1 0.219595 0.238262
1 0.268913 0.287491
1 0.223786 0.241932
1 0.191583 0.209285
1 0.167256 0.184749
2 0.369766 0.387107
1 0.311345 0.327947
1 0.139324 0.155713
1 0.192831 0.209051
2 0.411337 0.427272
1 0.175926 0.191647
1 0.305937 0.321645
1 0.553047 0.568748
1 0.371038 0.386612
1 0.206048 0.221562
1 0.445204 0.460511
1 0.545975 0.561166
1 0.353119 0.368116
1 0.261024 0.275824
1 0.301212 0.315955
1 0.325623 0.340114
1 0.175553 0.189885
1 0.46021 0.474514
1 0.320623 0.334838
1 0.255044 0.269143
1 0.516865 0.53058
1 0.540453 0.553962
1 0.283675 0.297105
1 0.670033 0.683244
1 0.318162 0.331348
1 0.175506 0.188648
1 0.252969 0.265988
1 0.309258 0.322016
1 0.244403 0.256601
1 0.137163 0.149328
1 0.175024 0.187187
1 0.251715 0.263842
1 0.18487 0.19699
1 0.440526 0.452471
1 0.286742 0.298425
1 0.748545 0.759953
2 0.366649 0.377993
1 0.370598 0.381904
1 0.368707 0.379875
2 0.18984 0.200833
2 0.714429 0.725292
1 0.22909 0.239856
1 0.219669 0.230431
1 0.287629 0.298379
2 0.246551 0.256946
1 0.256016 0.266394
1 0.197749 0.208057
1 0.30906 0.319233
1 0.237597 0.247611
1 0.2629 0.272905
1 0.329558 0.339442
1 0.29094 0.300324
2 0.75936 0.76873
1 0.458859 0.468206
1 0.466999 0.476135
1 0.244676 0.253742
2 0.269247 0.278303
1 0.395347 0.404248
1 0.656316 0.665203
1 0.195692 0.204432
1 0.47061 0.479234
1 0.506829 0.515444
2 0.445948 0.454549
1 0.178563 0.187104
1 0.475217 0.483535
1 0.262584 0.270729
1 0.257492 0.265585
1 0.344808 0.352639
1 0.19126 0.198964
1 0.302609 0.310168
1 0.182239 0.189637
2 0.242892 0.249984
2 0.287491 0.294129
2 0.251975 0.258451
1 0.170528 0.17699
2 0.645236 0.651591
2 0.199853 0.206074
1 0.181332 0.187444
1 0.152746 0.158827
1 0.234459 0.240536
2 0.562562 0.568518
2 0.215716 0.221561
1 0.457579 0.463416
2 0.199485 0.205314
1 0.298468 0.304252
2 0.324742 0.330465
2 0.45829 0.463905
1 0.260076 0.265676
2 0.271621 0.276674
1 0.177007 0.182013
2 0.385706 0.390612
1 0.227054 0.23176
1 0.286894 0.291497
2 0.252363 0.256946
2 0.233055 0.237437
2 0.194172 0.198454
1 0.1686 0.172797
1 0.271201 0.275376
2 0.242399 0.246567
1 0.168725 0.172498
2 0.441252 0.444988
1 0.252103 0.255815
1 0.550675 0.554374
1 0.157713 0.161376
1 0.316968 0.320627
2 0.466064 0.469557
1 0.558482 0.561854
2 0.338529 0.341404
1 0.253493 0.256195
1 0.177296 0.179967
1 0.191565 0.194204
1 0.21238 0.214918
2 0.380653 0.383128
1 0.335098 0.33753
1 0.575555 0.577909
1 0.604089 0.606437
2 0.19544 0.197701
1 0.193947 0.195996
1 0.182143 0.184179
1 0.622854 0.624744
1 0.447614 0.449317
1 0.205346 0.206986
1 0.277303 0.278927
2 0.190452 0.192071
2 0.47161 0.473083
1 0.34385 0.345279
2 0.368182 0.369436
1 0.169796 0.170949
1 0.169406 0.170453
1 0.344298 0.345266
1 0.195024 0.19592
2 0.404733 0.405525
2 0.412424 0.413154
2 0.290216 0.290945
1 0.164682 0.165161
1 0.203523 0.203854
1 0.179295 0.179588
2 0.438083 0.438327
1 0.193275 0.193478
2 0.185108 0.185252
