0 0 inf
0 0 inf
0 0 0.786184
0 0 0.684521
0 0 0.593606
0 0 0.570939
0 0 0.501204
0 0 0.48421
0 0 0.469911
0 0 0.463072
0 0 0.450504
0 0 0.447319
0 0 0.425267
0 0 0.406503
0 0 0.37914
0 0 0.37072
0 0 0.365782
0 0 0.365735
0 0 0.360715
0 0 0.354104
0 0 0.34609
0 0 0.339192
0 0 0.337461
0 0 0.332816
0 0 0.316714
0 0 0.313942
0 0 0.307045
0 0 0.295143
0 0 0.294326
0 0 0.293228
0 0 0.287897
0 0 0.287101
0 0 0.283921
0 0 0.265914
0 0 0.259853
0 0 0.256826
0 0 0.256702
0 0 0.255918
0 0 0.253513
0 0 0.253072
0 0 0.24016
0 0 0.239966
0 0 0.239875
0 0 0.238448
0 0 0.237327
0 0 0.234284
0 0 0.233221
0 0 0.232763
0 0 0.231156
0 0 0.230612
0 0 0.22877
0 0 0.228525
0 0 0.226104
0 0 0.225093
0 0 0.224121
0 0 0.220697
0 0 0.220049
0 0 0.21987
0 0 0.219801
0 0 0.217503
0 0 0.213558
0 0 0.213132
0 0 0.210223
0 0 0.207665
0 0 0.206691
0 0 0.201433
0 0 0.199854
0 0 0.199475
0 0 0.198497
0 0 0.197682
0 0 0.19399
0 0 0.193799
0 0 0.193709
0 0 0.193642
0 0 0.193536
0 0 0.192571
0 0 0.19061
0 0 0.189462
0 0 0.188307
0 0 0.183307
0 0 0.18289
0 0 0.180852
0 0 0.180419
0 0 0.17916
0 0 0.179066
0 0 0.179028
0 0 0.178468
0 0 0.17684
0 0 0.174222
0 0 0.17112
0 0 0.170962
0 0 0.169305
0 0 0.168403
0 0 0.167244
0 0 0.166988
0 0 0.162388
0 0 0.161854
0 0 0.16127
0 0 0.161099
0 0 0.159594
0 0 0.157923
0 0 0.157604
0 0 0.15722
0 0 0.155813
0 0 0.154111
0 0 0.15222
0 0 0.151533
0 0 0.150257
0 0 0.150243
0 0 0.149884
0 0 0.149274
0 0 0.148923
0 0 0.148706
0 0 0.14756
0 0 0.146953
0 0 0.146702
0 0 0.146329
0 0 0.14477
0 0 0.144335
0 0 0.143319
0 0 0.142942
0 0 0.14193
0 0 0.141655
0 0 0.141475
0 0 0.140648
0 0 0.139766
0 0 0.139698
0 0 0.138981
0 0 0.138954
0 0 0.138916
0 0 0.138831
0 0 0.138571
0 0 0.137696
0 0 0.137662
0 0 0.137657
0 0 0.136859
0 0 0.135398
0 0 0.135393
0 0 0.135384
0 0 0.134819
0 0 0.134057
0 0 0.13382
0 0 0.133808
0 0 0.133715
0 0 0.133631
0 0 0.133451
0 0 0.133279
0 0 0.133092
0 0 0.132969
0 0 0.132238
0 0 0.131995
0 0 0.131236
0 0 0.130624
0 0 0.130334
0 0 0.13017
0 0 0.129729
0 0 0.12946
0 0 0.129165
0 0 0.129111
0 0 0.12899
0 0 0.128522
0 0 0.127676
0 0 0.127314
0 0 0.126833
0 0 0.126808
0 0 0.125766
0 0 0.125131
0 0 0.125051
0 0 0.124905
0 0 0.124882
0 0 0.124835
0 0 0.124795
0 0 0.124048
0 0 0.122995
0 0 0.12165
0 0 0.121645
0 0 0.121631
0 0 0.121494
0 0 0.119832
0 0 0.11981
0 0 0.11968
0 0 0.119224
0 0 0.118714
0 0 0.118344
0 0 0.118339
0 0 0.117884
0 0 0.117841
0 0 0.117803
0 0 0.117761
0 0 0.117727
0 0 0.117329
0 0 0.116881
0 0 0.116798
0 0 0.115942
0 0 0.115481
0 0 0.115424
0 0 0.115045
0 0 0.114682
0 0 0.114391
0 0 0.11414
0 0 0.11398
0 0 0.113919
0 0 0.11267
0 0 0.112379
0 0 0.112329
0 0 0.112032
0 0 0.111745
0 0 0.11171
0 0 0.111085
0 0 0.110784
0 0 0.110589
0 0 0.110064
0 0 0.110025
0 0 0.109883
0 0 0.109629
0 0 0.109101
0 0 0.108971
0 0 0.108253
0 0 0.108166
0 0 0.10698
0 0 0.106964
0 0 0.106533
0 0 0.106482
0 0 0.105309
0 0 0.105101
0 0 0.104926
0 0 0.104912
0 0 0.104547
0 0 0.10452
0 0 0.104313
0 0 0.104229
0 0 0.10387
0 0 0.103799
0 0 0.103765
0 0 0.10367
0 0 0.103069
0 0 0.102726
0 0 0.102531
0 0 0.102418
0 0 0.102089
0 0 0.101353
0 0 0.101297
0 0 0.101297
0 0 0.101094
0 0 0.100241
0 0 0.100128
0 0 0.0998611
0 0 0.099841
0 0 0.0996527
0 0 0.0992295
0 0 0.0988186
0 0 0.0987821
0 0 0.0985547
0 0 0.0984813
0 0 0.0981551
0 0 0.0975437
0 0 0.0975294
0 0 0.0974258
0 0 0.0972922
0 0 0.0967158
0 0 0.0965673
0 0 0.0965544
0 0 0.0964407
0 0 0.0963059
0 0 0.0961299
0 0 0.0961167
0 0 0.0958869
0 0 0.0953873
0 0 0.0953382
0 0 0.0950676
0 0 0.094918
0 0 0.0947188
0 0 0.0947078
0 0 0.0946709
0 0 0.0946356
0 0 0.0945949
0 0 0.0944269
0 0 0.0940272
1 0.3803 0.47421
0 0 0.0937515
0 0 0.0936186
0 0 0.0934991
0 0 0.0932864
0 0 0.0924306
0 0 0.0919827
1 0.50398 0.595888
0 0 0.0918525
0 0 0.0918393
0 0 0.0911188
0 0 0.0909907
0 0 0.0909904
0 0 0.0909848
0 0 0.0908838
0 0 0.0905201
0 0 0.0903928
0 0 0.0903192
0 0 0.0903051
0 0 0.0894214
0 0 0.0893747
0 0 0.0891536
0 0 0.0889444
0 0 0.0888304
0 0 0.0885149
0 0 0.0883605
0 0 0.0883598
0 0 0.0882907
0 0 0.0882657
0 0 0.0881466
0 0 0.0881318
0 0 0.0880751
0 0 0.0880732
0 0 0.0879338
0 0 0.0877929
0 0 0.0877488
0 0 0.0875402
0 0 0.0874398
0 0 0.0874015
0 0 0.0871838
0 0 0.0869413
0 0 0.0867288
0 0 0.0864896
0 0 0.0862294
0 0 0.0862172
0 0 0.0861864
0 0 0.0858492
0 0 0.0857524
0 0 0.0857123
0 0 0.0857118
0 0 0.0855267
0 0 0.0852885
0 0 0.0852049
0 0 0.0846857
0 0 0.0844866
0 0 0.0841911
0 0 0.0841801
0 0 0.0840328
0 0 0.0839158
0 0 0.0839064
0 0 0.0836766
0 0 0.0835901
0 0 0.0833526
0 0 0.08306
0 0 0.0828299
0 0 0.0827207
0 0 0.0826729
0 0 0.0826379
0 0 0.0822169
0 0 0.0817433
0 0 0.0816257
0 0 0.081121
0 0 0.0810308
0 0 0.0806176
0 0 0.0806075
0 0 0.0805522
0 0 0.0803886
0 0 0.0801442
0 0 0.0798666
0 0 0.0793132
0 0 0.0791131
0 0 0.0790852
0 0 0.0788992
0 0 0.0785934
0 0 0.0785767
0 0 0.0785567
0 0 0.0776087
0 0 0.0775605
0 0 0.0774855
0 0 0.0774271
0 0 0.0770506
0 0 0.0768024
0 0 0.0767042
1 0.409355 0.485955
0 0 0.0765137
0 0 0.0764404
0 0 0.0759438
0 0 0.0759024
0 0 0.075569
0 0 0.0754516
0 0 0.0752276
0 0 0.0747003
0 0 0.074507
0 0 0.074217
0 0 0.0733912
0 0 0.07258
0 0 0.0724973
0 0 0.0719832
0 0 0.0714859
0 0 0.070969
0 0 0.0698465
0 0 0.0691996
0 0 0.067618
0 0 0.067464
0 0 0.0670443
0 0 0.0653308
0 0 0.0648583
0 0 0.0647057
0 0 0.0632823
0 0 0.0620814
0 0 0.0616891
1 0.300946 0.360974
0 0 0.057876
0 0 0.057376
1 0.216028 0.272954
0 0 0.0562193
1 0.2305 0.285322
1 0.332883 0.380407
0 0 0.0431558
1 0.261683 0.302785
1 0.238168 0.276667
1 0.332625 0.369171
1 0.231839 0.267321
1 0.200057 0.230366
1 0.308163 0.337243
1 0.281709 0.309381
1 0.508776 0.535612
1 0.143387 0.169272
1 0.184795 0.21051
1 0.139747 0.163057
1 0.157595 0.17944
1 0.104412 0.126236
1 0.133812 0.155324
1 0.0879544 0.10928
1 0.0941354 0.115299
1 0.244773 0.265153
1 0.121394 0.141404
1 0.312959 0.332648
1 0.139455 0.158831
1 0.150926 0.169752
1 0.10026 0.118682
1 0.115977 0.1337
1 0.0878905 0.105587
1 0.150993 0.168556
1 0.0965122 0.113777
1 0.0991428 0.116392
1 0.106039 0.123185
1 0.0927862 0.109616
1 0.191965 0.208176
1 0.160744 0.176955
1 0.0888671 0.104939
1 0.0956038 0.111485
1 0.0937202 0.109369
1 0.0983583 0.113764
1 0.170871 0.185793
1 0.135624 0.150515
1 0.0944781 0.108839
1 0.527699 0.542024
1 0.0865652 0.100625
1 0.293931 0.307981
1 0.10178 0.115555
1 0.144236 0.158001
1 0.118759 0.132498
1 0.120583 0.134321
1 0.117051 0.130753
1 0.0888837 0.102386
1 0.0954974 0.108239
1 0.0914457 0.10404
1 0.147001 0.159545
1 0.114989 0.12727
1 0.110362 0.122247
1 0.151239 0.163057
1 0.14983 0.161505
1 0.107774 0.11944
1 0.0912418 0.1029
1 0.0915278 0.103185
1 0.217266 0.228676
1 0.10691 0.11827
1 0.0922315 0.103553
1 0.119297 0.130596
1 0.132446 0.143606
1 0.287284 0.298363
1 0.0988082 0.109869
1 0.110114 0.121059
2 0.260053 0.270886
1 0.144272 0.154574
1 0.134105 0.144321
1 0.168574 0.178771
1 0.100637 0.110795
1 0.142568 0.152606
1 0.0902246 0.0999621
1 0.101545 0.111141
1 0.114846 0.124404
2 0.131314 0.140671
1 0.0939249 0.102965
1 0.113395 0.122399
2 0.109527 0.118517
1 0.295248 0.304199
1 0.102387 0.111332
1 0.121564 0.130469
1 0.101769 0.11056
1 0.102748 0.111481
1 0.154423 0.162964
1 0.103138 0.111678
1 0.26108 0.269553
1 0.165618 0.174023
1 0.100975 0.109337
1 0.096163 0.104499
1 0.102271 0.110527
1 0.102926 0.111169
1 0.14839 0.156551
1 0.0969179 0.105023
1 0.120434 0.12853
1 0.388415 0.39647
1 0.0778403 0.0858774
1 0.107025 0.114975
1 0.227457 0.235359
1 0.146422 0.154309
1 0.169395 0.176886
2 0.109189 0.116601
1 0.402826 0.410183
1 0.105755 0.113107
2 0.127952 0.135205
2 0.183175 0.190424
1 0.096193 0.103366
1 0.105846 0.112994
1 0.0970194 0.104152
1 0.103889 0.111015
1 0.0884747 0.0954939
1 0.104235 0.111136
2 0.136088 0.142954
2 0.16198 0.168774
1 0.0820718 0.0887976
1 0.113534 0.120143
1 0.103539 0.110119
1 0.112414 0.118973
1 0.294014 0.30057
1 0.120681 0.127219
2 0.103991 0.110523
1 0.0990757 0.105451
1 0.12298 0.129269
1 0.150945 0.157178
1 0.0779035 0.0841232
1 0.076566 0.0827628
1 0.103711 0.109778
2 0.118683 0.124603
1 0.251586 0.257492
2 0.120224 0.126039
1 0.1856 0.191404
1 0.0850624 0.0908322
1 0.143614 0.149365
1 0.0937716 0.0994141
1 0.150949 0.156485
1 0.0725924 0.0781082
2 0.122763 0.128274
1 0.123436 0.128893
1 0.121846 0.127285
1 0.111442 0.116859
1 0.0993628 0.104769
1 0.102988 0.108283
1 0.0975701 0.102857
2 0.109957 0.115215
1 0.112824 0.118069
2 0.275411 0.280628
1 0.106419 0.111631
2 0.105587 0.110632
1 0.106121 0.111165
2 0.119767 0.124732
2 0.119403 0.12436
1 0.441537 0.446493
1 0.123685 0.128607
2 0.103403 0.10825
1 0.0947647 0.0996065
2 0.111795 0.116601
1 0.226513 0.231295
1 0.101612 0.106281
1 0.306546 0.311204
1 0.0933323 0.097936
1 0.103197 0.107735
2 0.172762 0.177263
2 0.127024 0.131525
1 0.120983 0.125475
1 0.0771377 0.0815705
1 0.106306 0.110682
2 0.172574 0.176916
2 0.114124 0.118445
2 0.110279 0.114552
1 0.142012 0.146259
1 0.078499 0.08262
1 0.11336 0.117478
1 0.113464 0.117519
2 0.124436 0.128418
1 0.172189 0.176169
1 0.153729 0.157697
1 0.118477 0.122399
2 0.138318 0.142228
1 0.113066 0.1169
1 0.129991 0.133592
1 0.104445 0.108026
1 0.122622 0.126192
1 0.233877 0.237439
1 0.113848 0.117147
2 0.117378 0.120652
1 0.107919 0.111136
2 0.110952 0.11414
1 0.0950214 0.0981818
1 0.125381 0.12853
1 0.0931362 0.0962446
1 0.0988842 0.101971
1 0.0742582 0.0773352
1 0.188599 0.191653
2 0.114255 0.117273
1 0.0858528 0.0888402
1 0.0946067 0.0975648
2 0.125642 0.128599
1 0.0936673 0.0966191
1 0.219903 0.222814
1 0.110519 0.113368
2 0.130406 0.133197
1 0.101711 0.104484
1 0.0853314 0.088096
1 0.0920917 0.0947725
1 0.123553 0.126226
2 0.101006 0.103666
1 0.149491 0.152142
1 0.197238 0.199793
2 0.15846 0.160978
1 0.147755 0.150271
1 0.119172 0.121684
1 0.123718 0.126226
2 0.12051 0.12295
1 0.106697 0.109106
2 0.116552 0.118834
1 0.144341 0.146568
2 0.118392 0.120563
1 0.0994986 0.101635
2 0.273008 0.275123
2 0.125324 0.127421
1 0.293012 0.295107
2 0.132992 0.135028
2 0.0913918 0.0932619
1 0.130556 0.132403
1 0.170428 0.172237
2 0.102186 0.103978
2 0.116389 0.11813
1 0.113849 0.115477
1 0.236438 0.238063
1 0.103444 0.105059
1 0.0983566 0.0999621
1 0.160649 0.162248
1 0.105714 0.107256
1 0.14726 0.148756
1 0.111371 0.112828
2 0.126483 0.127894
2 0.146475 0.147881
2 0.122272 0.123602
1 0.115207 0.11653
1 0.174786 0.176109
1 0.105408 0.106724
2 0.0986428 0.0999202
1 0.096558 0.0977921
2 0.133891 0.135028
1 0.0880013 0.0891267
1 0.301671 0.302785
1 0.113018 0.114084
1 0.0965062 0.0975648
1 0.0917651 0.0928205
1 0.103986 0.104999
1 0.0889729 0.0899166
2 0.117235 0.118109
1 0.105851 0.106724
1 0.107608 0.10847
1 0.109111 0.109948
1 0.107256 0.10806
2 0.133056 0.13381
2 0.134943 0.135675
2 0.158869 0.159538
1 0.118072 0.118703
1 0.0982397 0.0988518
1 0.102574 0.103176
2 0.115299 0.115896
1 0.096829 0.097404
2 0.120077 0.120641
1 0.114168 0.114716
2 0.122411 0.12295
2 0.172354 0.172874
2 0.116738 0.117247
1 0.101717 0.102186
1 0.140075 0.140533
2 0.182179 0.182596
1 0.163801 0.164217
2 0.0943576 0.0947725
1 0.165515 0.165917
2 0.114303 0.114674
1 0.0847356 0.0850948
1 0.12458 0.124882
1 0.0993138 0.0996065
1 0.112484 0.112752
2 0.115568 0.115807
1 0.130432 0.130638
2 0.373483 0.373663
1 0.12383 0.124
2 0.152902 0.15307
2 0.114276 0.114444
1 0.169584 0.169752
1 0.0944328 0.0945992
1 0.128326 0.128474
2 0.135598 0.135742
1 0.141752 0.141882
2 0.0944317 0.0944717
1 0.107369 0.107389
2 0.115299 0.1153
