0 0 inf
0 0 inf
0 0 inf
0 0 inf
0 0 inf
0 0 inf
0 0 inf
0 0 inf
0 0 inf
0 0 inf
0 0 inf
0 0 inf
0 0 inf
0 0 inf
0 0 inf
0 0 inf
0 0 inf
0 0 inf
0 0 inf
0 0 inf
0 0 inf
0 0 inf
0 0 inf
0 0 inf
0 0 inf
0 0 inf
0 0 inf
0 0 inf
0 0 inf
0 0 inf
0 0 inf
0 0 inf
0 0 inf
0 0 inf
0 0 inf
0 0 inf
0 0 inf
0 0 inf
0 0 inf
0 0 inf
0 0 inf
0 0 inf
0 0 inf
0 0 inf
0 0 inf
0 0 inf
0 0 inf
0 0 inf
0 0 inf
1 0.662823 inf
0 0 inf
0 0 inf
0 0 inf
0 0 inf
0 0 inf
0 0 inf
0 0 inf
0 0 inf
0 0 inf
0 0 inf
0 0 inf
0 0 inf
0 0 inf
0 0 inf
0 0 inf
1 0.703832 inf
1 0.788274 inf
0 0 inf
0 0 inf
0 0 inf
0 0 inf
0 0 inf
0 0 inf
0 0 inf
0 0 inf
0 0 inf
0 0 inf
0 0 inf
0 0 inf
0 0 inf
0 0 inf
0 0 inf
0 0 inf
0 0 inf
0 0 inf
0 0 inf
0 0 inf
1 0.743115 inf
0 0 inf
0 0 inf
0 0 inf
0 0 inf
1 0.76011 inf
0 0 inf
0 0 inf
0 0 0.7961
0 0 0.786543
0 0 0.781451
0 0 0.780138
0 0 0.772485
0 0 0.766457
0 0 0.764116
0 0 0.753788
0 0 0.745463
0 0 0.743339
0 0 0.736237
0 0 0.732845
0 0 0.730824
0 0 0.724278
0 0 0.719274
0 0 0.706846
0 0 0.705089
0 0 0.7046
0 0 0.702767
0 0 0.701752
0 0 0.696749
0 0 0.692221
0 0 0.687951
0 0 0.687636
0 0 0.680615
0 0 0.674209
0 0 0.668336
0 0 0.661419
0 0 0.657063
0 0 0.656338
0 0 0.648213
0 0 0.645136
0 0 0.642173
0 0 0.621082
0 0 0.616417
0 0 0.615928
0 0 0.615261
0 0 0.61093
0 0 0.608721
0 0 0.606813
0 0 0.604781
0 0 0.602114
0 0 0.595064
0 0 0.593387
0 0 0.588074
0 0 0.575166
0 0 0.568557
0 0 0.561637
0 0 0.560293
0 0 0.559689
0 0 0.548925
0 0 0.541887
0 0 0.541734
0 0 0.539024
0 0 0.538988
0 0 0.536913
0 0 0.532383
0 0 0.530247
0 0 0.52985
0 0 0.526991
0 0 0.521709
0 0 0.521235
0 0 0.521229
0 0 0.520838
0 0 0.520645
0 0 0.51972
0 0 0.516609
0 0 0.513323
0 0 0.512584
0 0 0.511306
0 0 0.497616
0 0 0.494059
0 0 0.490871
0 0 0.483816
0 0 0.469357
0 0 0.457189
0 0 0.454914
0 0 0.453219
0 0 0.447752
0 0 0.447336
0 0 0.434421
0 0 0.428336
0 0 0.424036
0 0 0.421489
0 0 0.420087
0 0 0.408085
0 0 0.407868
0 0 0.407628
0 0 0.403997
0 0 0.396098
0 0 0.394861
0 0 0.39329
0 0 0.373601
0 0 0.372556
0 0 0.371914
0 0 0.363266
0 0 0.361912
0 0 0.361404
0 0 0.353153
0 0 0.343844
0 0 0.341842
0 0 0.340146
0 0 0.337357
0 0 0.331333
0 0 0.330389
0 0 0.328297
0 0 0.327306
0 0 0.323144
0 0 0.322516
0 0 0.317736
0 0 0.316889
0 0 0.312567
0 0 0.310473
0 0 0.309671
0 0 0.304074
0 0 0.302884
0 0 0.301005
0 0 0.298076
0 0 0.296366
0 0 0.295653
0 0 0.294809
0 0 0.290398
0 0 0.285774
0 0 0.283705
0 0 0.273984
0 0 0.271535
0 0 0.26698
0 0 0.263804
0 0 0.262198
0 0 0.262027
0 0 0.259397
0 0 0.258989
0 0 0.257721
0 0 0.25752
0 0 0.256802
0 0 0.253327
0 0 0.250737
0 0 0.248481
0 0 0.244527
0 0 0.244324
0 0 0.243329
0 0 0.242987
0 0 0.242414
0 0 0.237157
0 0 0.236607
0 0 0.236358
0 0 0.231554
0 0 0.230553
0 0 0.230521
0 0 0.229455
0 0 0.222772
0 0 0.221243
0 0 0.218859
0 0 0.218322
0 0 0.217128
0 0 0.216158
0 0 0.215933
0 0 0.215097
0 0 0.213512
0 0 0.211074
0 0 0.210816
0 0 0.210474
0 0 0.209935
0 0 0.209567
0 0 0.209012
0 0 0.208987
0 0 0.208868
0 0 0.208481
0 0 0.208276
0 0 0.204154
0 0 0.203841
0 0 0.203801
0 0 0.196
0 0 0.195615
0 0 0.193379
0 0 0.192257
0 0 0.191575
0 0 0.191211
0 0 0.190725
0 0 0.189757
0 0 0.189423
0 0 0.189075
0 0 0.18813
0 0 0.187779
0 0 0.187301
0 0 0.186934
0 0 0.185861
0 0 0.18494
0 0 0.180202
0 0 0.177679
0 0 0.177207
0 0 0.176196
0 0 0.176168
0 0 0.175637
0 0 0.175275
0 0 0.174413
0 0 0.172829
1 0.567516 0.738352
0 0 0.170258
0 0 0.168377
0 0 0.167223
0 0 0.164691
0 0 0.163758
0 0 0.16212
0 0 0.157485
0 0 0.157133
0 0 0.156704
0 0 0.156201
0 0 0.155332
0 0 0.154342
0 0 0.154062
0 0 0.153728
0 0 0.153377
0 0 0.152778
0 0 0.150977
0 0 0.150566
0 0 0.149499
0 0 0.147515
0 0 0.147449
0 0 0.145579
0 0 0.145532
0 0 0.145037
0 0 0.144882
0 0 0.143134
0 0 0.142913
0 0 0.142721
0 0 0.142528
0 0 0.142083
0 0 0.140859
0 0 0.140478
0 0 0.140411
0 0 0.140059
0 0 0.139802
0 0 0.138926
0 0 0.138151
0 0 0.135199
0 0 0.134771
0 0 0.134486
0 0 0.133263
0 0 0.131837
0 0 0.131756
0 0 0.130362
0 0 0.129174
0 0 0.12905
0 0 0.128657
0 0 0.128398
0 0 0.128253
0 0 0.127055
0 0 0.126867
0 0 0.12612
0 0 0.125265
0 0 0.124932
0 0 0.123709
0 0 0.123396
0 0 0.123347
0 0 0.12254
0 0 0.122196
0 0 0.121991
0 0 0.120538
0 0 0.120514
0 0 0.120404
0 0 0.119752
0 0 0.118332
0 0 0.117673
0 0 0.117126
0 0 0.116992
0 0 0.11653
0 0 0.115837
0 0 0.115674
0 0 0.115561
0 0 0.114899
0 0 0.114564
0 0 0.114281
0 0 0.113667
0 0 0.113629
0 0 0.110511
0 0 0.110232
0 0 0.110126
0 0 0.109812
0 0 0.109072
0 0 0.108018
0 0 0.106348
0 0 0.10631
0 0 0.106282
0 0 0.105092
0 0 0.104924
0 0 0.10482
0 0 0.104792
0 0 0.104056
0 0 0.103912
0 0 0.103075
1 0.614054 0.71712
0 0 0.102883
0 0 0.102816
0 0 0.10281
0 0 0.102746
0 0 0.102508
0 0 0.102499
0 0 0.101534
0 0 0.100128
0 0 0.100122
0 0 0.0995968
0 0 0.0995908
0 0 0.0946999
0 0 0.0897636
1 0.462685 0.552188
0 0 0.0883699
0 0 0.0872902
0 0 0.0837103
0 0 0.0829543
0 0 0.0822526
0 0 0.0802567
0 0 0.0708183
1 0.264813 0.335123
1 0.686251 0.747607
1 0.656467 0.711021
1 0.342381 0.396057
1 0.736668 0.788476
1 0.278209 0.323861
1 0.644616 0.689804
1 0.208761 0.253123
1 0.24431 0.288019
1 0.220981 0.263852
1 0.724021 0.764616
1 0.617851 0.655877
1 0.682313 0.719049
1 0.184346 0.219815
1 0.741068 0.773594
1 0.306052 0.338276
1 0.247166 0.278919
1 0.568656 0.600252
1 0.238814 0.269802
1 0.22483 0.254707
1 0.335831 0.365128
2 0.641854 0.670823
1 0.354788 0.380974
1 0.520969 0.547141
2 0.30235 0.327987
1 0.201545 0.225297
1 0.144058 0.167354
1 0.125385 0.148547
1 0.169118 0.19211
1 0.384988 0.407965
1 0.441213 0.462893
1 0.18473 0.206321
1 0.132662 0.153796
1 0.571115 0.591024
1 0.294625 0.314181
1 0.184369 0.202967
1 0.203014 0.220128
1 0.130496 0.147484
1 0.227263 0.243711
2 0.279489 0.295693
1 0.191335 0.207457
1 0.357761 0.372778
1 0.781125 0.795912
1 0.201092 0.215705
1 0.119054 0.133575
1 0.180905 0.194398
1 0.659875 0.672806
1 0.170232 0.182589
1 0.253444 0.265193
1 0.134823 0.146427
1 0.367276 0.378822
1 0.127135 0.138325
1 0.143637 0.154748
1 0.312896 0.323861
2 0.140581 0.151484
1 0.362265 0.37296
1 0.15506 0.165649
1 0.228999 0.239494
2 0.16424 0.174614
1 0.133507 0.143792
1 0.258261 0.268367
1 0.150459 0.16056
1 0.154269 0.16424
1 0.13647 0.146368
1 0.167989 0.177389
1 0.133329 0.142704
2 0.133555 0.141892
1 0.353343 0.361606
2 0.154748 0.162991
2 0.16923 0.177405
1 0.156202 0.16417
1 0.126959 0.134692
2 0.185826 0.193522
1 0.788468 0.795912
1 0.118819 0.126099
1 0.126776 0.133346
1 0.142621 0.148801
2 0.278193 0.284207
1 0.206312 0.212309
1 0.369845 0.375815
2 0.396057 0.402022
1 0.119985 0.125774
1 0.123187 0.128892
1 0.204383 0.209778
1 0.170123 0.175463
1 0.278836 0.284104
2 0.172348 0.177405
1 0.326071 0.331102
1 0.12809 0.133112
1 0.207554 0.212407
1 0.145633 0.150361
1 0.329005 0.333679
2 0.325024 0.329646
1 0.118733 0.123184
2 0.16476 0.169174
1 0.159236 0.163557
1 0.157148 0.161241
1 0.559928 0.563822
1 0.117234 0.121122
2 0.15015 0.154015
1 0.131871 0.135707
1 0.190841 0.194624
1 0.266425 0.270073
1 0.169873 0.173267
1 0.23635 0.239605
2 0.29056 0.293721
1 0.279458 0.282608
1 0.151665 0.154507
1 0.236146 0.238928
2 0.165665 0.168418
2 0.147358 0.150062
2 0.157236 0.159729
1 0.225217 0.227691
2 0.236175 0.238625
1 0.485246 0.487608
1 0.135307 0.13762
2 0.256794 0.259
1 0.143197 0.145201
1 0.151435 0.153387
1 0.210496 0.212409
1 0.211214 0.213114
1 0.368968 0.370718
1 0.213897 0.215595
1 0.63498 0.636611
1 0.170627 0.172252
1 0.245445 0.247015
1 0.155049 0.15659
1 0.127556 0.128952
2 0.289458 0.290802
1 0.126918 0.128262
1 0.723252 0.724592
1 0.224875 0.22606
1 0.443014 0.444101
2 0.294459 0.295469
1 0.132014 0.132796
1 0.206259 0.207039
2 0.167821 0.16859
2 0.175438 0.176138
2 0.162342 0.162991
1 0.139208 0.139843
2 0.147625 0.147978
1 0.137503 0.137775
1 0.335465 0.335563
