0 0 inf
0 0 inf
0 0 inf
0 0 0.796635
0 0 0.741788
0 0 0.718887
0 0 0.680821
0 0 0.652635
0 0 0.651483
0 0 0.634653
0 0 0.627582
0 0 0.595746
0 0 0.595632
0 0 0.577179
0 0 0.544446
0 0 0.543275
0 0 0.53461
0 0 0.527321
0 0 0.525007
0 0 0.512862
0 0 0.511714
0 0 0.506375
0 0 0.499123
0 0 0.495361
0 0 0.476482
0 0 0.470925
0 0 0.460951
0 0 0.460582
0 0 0.459273
0 0 0.449666
0 0 0.449015
0 0 0.447554
0 0 0.434688
0 0 0.426527
0 0 0.42301
0 0 0.407517
0 0 0.401648
0 0 0.401218
0 0 0.392289
0 0 0.383331
0 0 0.380945
0 0 0.376679
0 0 0.376444
0 0 0.37368
0 0 0.372488
0 0 0.372226
0 0 0.368296
0 0 0.359551
0 0 0.356981
0 0 0.353976
0 0 0.342731
0 0 0.341979
0 0 0.339108
0 0 0.326547
0 0 0.317563
0 0 0.317373
0 0 0.316832
0 0 0.305632
0 0 0.304353
0 0 0.298759
0 0 0.292339
0 0 0.29006
0 0 0.28941
0 0 0.288573
0 0 0.277746
0 0 0.277428
0 0 0.276421
0 0 0.276236
0 0 0.268708
0 0 0.268351
0 0 0.267004
0 0 0.266878
0 0 0.265959
0 0 0.264841
0 0 0.262604
0 0 0.255847
0 0 0.254149
0 0 0.253257
0 0 0.247843
0 0 0.245204
0 0 0.242839
0 0 0.242011
0 0 0.239979
0 0 0.238363
0 0 0.237948
0 0 0.237706
0 0 0.234804
0 0 0.232239
0 0 0.222438
0 0 0.221948
0 0 0.218139
0 0 0.217556
0 0 0.217459
0 0 0.215926
0 0 0.212339
0 0 0.212275
0 0 0.212144
0 0 0.211364
0 0 0.210654
0 0 0.210198
0 0 0.209684
0 0 0.208078
0 0 0.20728
0 0 0.206096
0 0 0.205824
0 0 0.205172
0 0 0.204812
0 0 0.203448
0 0 0.203017
0 0 0.200337
0 0 0.197442
0 0 0.19598
0 0 0.194411
0 0 0.193344
0 0 0.193326
0 0 0.193088
0 0 0.192536
0 0 0.18923
0 0 0.188416
0 0 0.186368
0 0 0.186003
0 0 0.185414
0 0 0.184609
0 0 0.18323
0 0 0.181976
0 0 0.179829
0 0 0.179695
0 0 0.179636
0 0 0.179212
0 0 0.178925
0 0 0.178907
0 0 0.178722
0 0 0.178133
0 0 0.177971
0 0 0.176744
0 0 0.17652
0 0 0.176089
0 0 0.176026
0 0 0.174936
0 0 0.174576
0 0 0.173287
0 0 0.172902
0 0 0.17273
0 0 0.171266
0 0 0.170357
0 0 0.169787
0 0 0.168699
0 0 0.168604
0 0 0.168186
0 0 0.166298
0 0 0.166264
0 0 0.164722
0 0 0.164722
0 0 0.163963
0 0 0.161928
0 0 0.161926
0 0 0.161807
0 0 0.161534
0 0 0.161205
0 0 0.160487
0 0 0.160189
0 0 0.158777
0 0 0.158735
0 0 0.158097
0 0 0.157966
0 0 0.157893
0 0 0.157526
0 0 0.157313
0 0 0.155122
0 0 0.15509
0 0 0.154307
0 0 0.154027
0 0 0.153038
0 0 0.152809
0 0 0.151448
0 0 0.150329
0 0 0.148392
0 0 0.147104
0 0 0.145983
0 0 0.145968
0 0 0.145347
0 0 0.144679
0 0 0.144539
0 0 0.143626
0 0 0.142981
0 0 0.142867
0 0 0.141979
0 0 0.141007
0 0 0.140492
0 0 0.14013
0 0 0.140061
0 0 0.1395
0 0 0.139075
0 0 0.138197
0 0 0.137946
0 0 0.137917
0 0 0.137841
0 0 0.137165
0 0 0.137138
0 0 0.136784
0 0 0.136122
0 0 0.135683
0 0 0.135581
0 0 0.13434
0 0 0.13428
0 0 0.133325
0 0 0.133057
0 0 0.132225
0 0 0.130545
0 0 0.129852
0 0 0.127967
0 0 0.127643
0 0 0.127272
0 0 0.12725
0 0 0.125135
0 0 0.12386
0 0 0.123855
0 0 0.123026
0 0 0.122862
0 0 0.122448
0 0 0.122171
0 0 0.12213
0 0 0.121836
0 0 0.121686
0 0 0.120825
0 0 0.120793
0 0 0.120746
0 0 0.120402
0 0 0.120024
0 0 0.119771
0 0 0.119696
0 0 0.119419
0 0 0.118511
0 0 0.118365
0 0 0.118302
0 0 0.11816
0 0 0.117613
0 0 0.117355
0 0 0.117206
0 0 0.117167
0 0 0.116915
0 0 0.116315
0 0 0.115695
0 0 0.115662
0 0 0.115137
0 0 0.115047
0 0 0.114876
0 0 0.114834
0 0 0.114787
0 0 0.114458
0 0 0.113028
0 0 0.112846
0 0 0.112783
0 0 0.112775
0 0 0.112757
0 0 0.112152
0 0 0.112119
0 0 0.11196
0 0 0.111829
0 0 0.111789
0 0 0.111291
0 0 0.111079
0 0 0.110967
0 0 0.11079
0 0 0.11011
0 0 0.109967
0 0 0.109699
0 0 0.109636
0 0 0.109189
0 0 0.109174
0 0 0.109091
0 0 0.108655
0 0 0.108509
0 0 0.108087
0 0 0.10807
0 0 0.107893
0 0 0.10746
0 0 0.107283
0 0 0.106485
0 0 0.106204
0 0 0.106063
0 0 0.105989
0 0 0.105773
0 0 0.105622
0 0 0.104971
0 0 0.104246
0 0 0.103818
0 0 0.103244
0 0 0.102913
0 0 0.102873
0 0 0.102439
0 0 0.102176
0 0 0.101265
0 0 0.10114
0 0 0.100965
0 0 0.10084
0 0 0.100681
0 0 0.100378
0 0 0.100187
0 0 0.0999742
0 0 0.0999149
0 0 0.0998165
0 0 0.0996947
0 0 0.0993756
0 0 0.0992571
0 0 0.0988113
0 0 0.0981695
0 0 0.0980403
0 0 0.0979738
0 0 0.0979182
0 0 0.0977612
0 0 0.0977357
0 0 0.097663
0 0 0.0971507
0 0 0.0970944
0 0 0.0967712
0 0 0.0966595
0 0 0.0963156
0 0 0.0960612
1 0.551776 0.647444
0 0 0.0955328
0 0 0.0954509
0 0 0.0950828
0 0 0.0946114
0 0 0.094504
0 0 0.0944854
0 0 0.0943327
0 0 0.0937999
0 0 0.0930897
0 0 0.0930333
0 0 0.0928549
0 0 0.0927289
0 0 0.0918033
0 0 0.091418
0 0 0.0913262
0 0 0.091313
0 0 0.091278
0 0 0.0911689
0 0 0.0910098
0 0 0.090882
0 0 0.0905722
0 0 0.0902783
0 0 0.0899996
0 0 0.0898428
0 0 0.0895529
0 0 0.0891235
0 0 0.0890811
0 0 0.0888399
0 0 0.088601
0 0 0.0880078
0 0 0.0876674
0 0 0.0872345
0 0 0.0869971
0 0 0.0869518
0 0 0.0861137
0 0 0.0858989
0 0 0.0849427
0 0 0.0848061
0 0 0.0843506
0 0 0.0841208
0 0 0.0837449
0 0 0.083293
0 0 0.0821481
0 0 0.0820354
0 0 0.0817733
0 0 0.0813805
0 0 0.0813521
0 0 0.0811842
0 0 0.0810959
0 0 0.0809059
0 0 0.0806824
0 0 0.080571
0 0 0.0804528
0 0 0.0797036
0 0 0.0796861
0 0 0.0791721
0 0 0.0790959
0 0 0.0790009
0 0 0.0789418
0 0 0.0782947
0 0 0.0780483
0 0 0.0778755
0 0 0.0776484
0 0 0.0773711
0 0 0.0761069
0 0 0.075785
0 0 0.0752885
0 0 0.0752817
0 0 0.0731483
0 0 0.0718782
0 0 0.0716222
0 0 0.070542
0 0 0.0701644
0 0 0.0698291
0 0 0.0693686
0 0 0.0690884
1 0.374963 0.442656
0 0 0.0676781
0 0 0.0668448
0 0 0.0666086
0 0 0.0656974
1 0.435781 0.497857
0 0 0.0606926
1 0.466816 0.51767
1 0.483656 0.530839
1 0.385619 0.432465
1 0.513775 0.559935
1 0.331414 0.377044
1 0.395612 0.439855
1 0.566619 0.61044
1 0.177845 0.218137
1 0.190981 0.230963
1 0.433464 0.47161
1 0.194079 0.229998
1 0.323434 0.358842
1 0.283031 0.315668
1 0.24616 0.278722
1 0.210499 0.243035
2 0.67984 0.710688
1 0.605896 0.633732
1 0.156006 0.183478
1 0.174194 0.201547
1 0.213977 0.240741
1 0.348421 0.373954
1 0.290695 0.315115
1 0.587693 0.61177
1 0.183915 0.207988
1 0.179943 0.203673
1 0.102653 0.126044
1 0.209551 0.232773
1 0.459765 0.482265
1 0.0999873 0.122242
1 0.142743 0.164306
1 0.545095 0.566636
1 0.283478 0.303438
1 0.241227 0.259593
1 0.168487 0.186836
1 0.212632 0.230831
1 0.176823 0.194824
1 0.201279 0.219118
1 0.170795 0.18855
1 0.286026 0.303438
1 0.25749 0.27488
1 0.21308 0.230278
1 0.167183 0.184143
1 0.108786 0.125638
1 0.109066 0.125574
1 0.0914455 0.107721
1 0.107185 0.123197
1 0.142855 0.15863
1 0.123354 0.138814
1 0.103515 0.118877
1 0.565025 0.580385
1 0.209041 0.223933
1 0.11215 0.12689
1 0.107472 0.121989
1 0.120833 0.135133
1 0.120456 0.134742
1 0.205514 0.219741
1 0.173044 0.187125
1 0.172494 0.186387
1 0.41273 0.426401
1 0.090869 0.104447
1 0.54114 0.554669
1 0.20213 0.215545
1 0.277271 0.290683
1 0.38889 0.402283
1 0.124258 0.13702
1 0.123321 0.135774
1 0.116426 0.128577
1 0.12311 0.134975
1 0.130593 0.142306
1 0.250594 0.262205
1 0.0998247 0.111426
1 0.513324 0.524882
1 0.100457 0.112006
1 0.166493 0.177974
1 0.138738 0.150058
1 0.159021 0.170335
1 0.24885 0.259925
1 0.174623 0.18561
1 0.101309 0.112194
1 0.105214 0.115954
1 0.182021 0.192408
1 0.113429 0.12376
1 0.116755 0.126855
1 0.208173 0.218264
1 0.176566 0.186387
1 0.0852109 0.0947078
1 0.131409 0.140714
1 0.118825 0.128092
2 0.178128 0.187357
1 0.107523 0.116742
1 0.122395 0.131595
1 0.125459 0.134572
1 0.0922749 0.101175
2 0.137093 0.145926
1 0.105799 0.114519
1 0.100127 0.108669
1 0.149971 0.158209
2 0.105641 0.113414
1 0.100648 0.108285
1 0.131908 0.139508
1 0.512624 0.520185
1 0.147956 0.155487
1 0.125505 0.133028
1 0.107786 0.115249
1 0.213592 0.221011
1 0.126459 0.13387
1 0.115763 0.123175
1 0.0982475 0.105641
1 0.111739 0.118983
1 0.111638 0.118877
1 0.155556 0.16273
2 0.13909 0.145864
1 0.132509 0.139241
2 0.249306 0.256027
1 0.104748 0.111436
1 0.104544 0.111214
1 0.264425 0.27099
1 0.171678 0.178157
1 0.156606 0.163047
1 0.308807 0.315115
1 0.158663 0.164932
1 0.159577 0.165816
1 0.106163 0.112355
1 0.0986916 0.104861
1 0.106583 0.112663
1 0.108083 0.114094
1 0.116275 0.122269
1 0.10127 0.107262
1 0.124695 0.13056
1 0.311092 0.31692
1 0.103876 0.10963
1 0.0957063 0.101288
1 0.096487 0.102024
2 0.140336 0.145864
1 0.108349 0.113872
1 0.097878 0.103393
2 0.11976 0.125181
2 0.119666 0.125016
2 0.131774 0.136975
1 0.12046 0.125638
1 0.559794 0.5649
1 0.183156 0.188013
1 0.16145 0.166077
2 0.191092 0.195543
1 0.0876563 0.0920107
1 0.306738 0.311074
1 0.109173 0.113485
1 0.109352 0.113661
1 0.15589 0.160092
1 0.188308 0.192495
1 0.135211 0.139398
1 0.180258 0.18436
2 0.591062 0.595163
1 0.113541 0.117619
2 0.206562 0.210636
1 0.102928 0.106992
1 0.127972 0.132035
1 0.135733 0.139781
2 0.249774 0.253811
1 0.0944327 0.0984318
1 0.084182 0.0881574
2 0.123289 0.127189
1 0.125215 0.128979
1 0.120511 0.124114
1 0.10961 0.113201
1 0.206446 0.209983
2 0.113621 0.117128
2 0.0994681 0.102964
1 0.125008 0.128477
1 0.114234 0.117619
1 0.0955398 0.0988999
1 0.230581 0.233889
1 0.106926 0.110204
1 0.110915 0.114158
2 0.11443 0.117669
2 0.121232 0.124449
1 0.631647 0.63482
1 0.127055 0.130123
2 0.111378 0.114421
1 0.0911488 0.0941835
1 0.130374 0.133303
2 0.115044 0.117924
1 0.113334 0.116202
1 0.0910005 0.0938381
1 0.171104 0.17394
1 0.608362 0.611197
1 0.252219 0.255039
2 0.13407 0.136849
1 0.140861 0.143622
2 0.111848 0.114421
1 0.149599 0.152149
2 0.117741 0.120219
1 0.171935 0.17441
1 0.207275 0.209679
1 0.117657 0.120031
1 0.329125 0.331493
1 0.241319 0.24368
1 0.125544 0.127781
1 0.108927 0.111123
1 0.113768 0.115949
1 0.10973 0.111906
1 0.12187 0.124039
2 0.193222 0.195389
2 0.125638 0.127704
2 0.119402 0.121436
1 0.213215 0.215206
1 0.106054 0.107988
2 0.112566 0.114421
2 0.162333 0.164171
1 0.104064 0.105769
2 0.138061 0.139752
1 0.0995063 0.101175
1 0.110313 0.111924
2 0.129451 0.131028
2 0.135992 0.137552
2 0.111123 0.112627
1 0.137055 0.138505
1 0.147547 0.148989
1 0.103431 0.104868
2 0.103289 0.104713
1 0.100968 0.102392
2 0.127487 0.128823
2 0.142668 0.143998
1 0.0799333 0.0812513
1 0.208285 0.209585
2 0.194129 0.195389
2 0.120574 0.121765
1 0.123757 0.124863
1 0.137345 0.138394
1 0.103407 0.104447
2 0.12367 0.124701
1 0.107384 0.108394
1 0.0899431 0.0908838
1 0.132895 0.133736
2 0.116852 0.117669
1 0.10281 0.103581
2 0.138677 0.139437
2 0.112987 0.113686
1 0.161591 0.162289
1 0.15186 0.15239
1 0.145904 0.146394
1 0.115317 0.115788
2 0.224238 0.224651
1 0.126736 0.127126
1 0.103942 0.104306
2 0.143879 0.144202
1 0.15384 0.15411
2 0.112304 0.112512
1 0.111774 0.111942
1 0.106834 0.106991
2 0.115814 0.115906
1 0.123882 0.123973
2 0.14401 0.144097
1 0.134117 0.134186
2 0.125596 0.125622
