0 0 inf
0 0 inf
0 0 0.711982
0 0 0.500782
0 0 0.496284
0 0 0.474751
0 0 0.420988
0 0 0.40568
0 0 0.37895
0 0 0.366282
0 0 0.363234
0 0 0.359956
0 0 0.359658
0 0 0.358275
0 0 0.347792
0 0 0.347167
0 0 0.345759
0 0 0.343792
0 0 0.322384
0 0 0.319144
0 0 0.315373
0 0 0.302547
0 0 0.301918
0 0 0.301631
0 0 0.300203
0 0 0.288494
0 0 0.287946
0 0 0.286224
0 0 0.275126
0 0 0.271285
0 0 0.264697
0 0 0.262354
0 0 0.258302
0 0 0.257679
0 0 0.25259
0 0 0.252291
0 0 0.249635
0 0 0.248491
0 0 0.246341
0 0 0.243053
0 0 0.240916
0 0 0.239232
0 0 0.238821
0 0 0.234947
0 0 0.2343
0 0 0.23236
0 0 0.232313
0 0 0.227908
0 0 0.226989
0 0 0.226322
0 0 0.226006
0 0 0.21866
0 0 0.217551
0 0 0.216453
0 0 0.216404
0 0 0.215723
0 0 0.215076
0 0 0.211204
0 0 0.208489
0 0 0.207764
0 0 0.207289
0 0 0.204324
0 0 0.203413
0 0 0.202496
0 0 0.202067
0 0 0.201669
0 0 0.201264
0 0 0.200895
0 0 0.199702
0 0 0.196757
0 0 0.193058
0 0 0.190118
0 0 0.188981
0 0 0.1881
0 0 0.187709
0 0 0.187032
0 0 0.185779
0 0 0.185498
0 0 0.182536
0 0 0.182303
0 0 0.181404
0 0 0.18098
0 0 0.180772
0 0 0.179648
0 0 0.179148
0 0 0.178622
0 0 0.178446
0 0 0.177398
0 0 0.176418
0 0 0.174163
0 0 0.174084
0 0 0.171492
0 0 0.170941
0 0 0.169403
0 0 0.167624
0 0 0.167051
0 0 0.16702
0 0 0.166011
0 0 0.16518
0 0 0.163759
0 0 0.163335
0 0 0.162283
0 0 0.161005
0 0 0.160816
0 0 0.160096
0 0 0.160026
0 0 0.159772
0 0 0.159699
0 0 0.159234
0 0 0.158981
0 0 0.158421
0 0 0.157892
0 0 0.157665
0 0 0.156178
0 0 0.156095
0 0 0.155573
0 0 0.154586
0 0 0.153552
0 0 0.153043
0 0 0.152649
0 0 0.151438
0 0 0.151297
0 0 0.151293
0 0 0.150788
0 0 0.150541
0 0 0.149482
0 0 0.149466
0 0 0.149456
0 0 0.149388
0 0 0.149165
0 0 0.148696
0 0 0.148296
0 0 0.147623
0 0 0.147501
0 0 0.147013
0 0 0.146999
0 0 0.145878
0 0 0.144619
0 0 0.144254
0 0 0.144151
0 0 0.14401
0 0 0.143348
0 0 0.142562
0 0 0.141983
0 0 0.141877
0 0 0.141753
0 0 0.140586
0 0 0.140522
0 0 0.140181
0 0 0.140115
0 0 0.139686
0 0 0.139583
0 0 0.139222
0 0 0.139108
0 0 0.138795
0 0 0.135902
0 0 0.135372
0 0 0.135225
0 0 0.133591
0 0 0.133471
0 0 0.132898
0 0 0.132512
0 0 0.132307
0 0 0.132286
0 0 0.131845
0 0 0.131396
0 0 0.131332
0 0 0.131062
0 0 0.129895
0 0 0.129371
0 0 0.129116
0 0 0.128844
0 0 0.128623
0 0 0.128498
0 0 0.128022
0 0 0.127475
0 0 0.127229
0 0 0.127134
0 0 0.126802
0 0 0.126509
0 0 0.12648
0 0 0.126445
0 0 0.125034
0 0 0.125029
0 0 0.123769
0 0 0.123733
0 0 0.123322
0 0 0.123307
0 0 0.123113
0 0 0.123024
0 0 0.122724
0 0 0.122411
0 0 0.12231
0 0 0.1221
0 0 0.121931
0 0 0.121918
0 0 0.121541
0 0 0.121427
0 0 0.121277
0 0 0.120993
0 0 0.12081
0 0 0.120808
0 0 0.120597
0 0 0.120546
0 0 0.120435
0 0 0.120005
0 0 0.119688
0 0 0.119189
0 0 0.119111
0 0 0.118889
0 0 0.118715
0 0 0.118562
0 0 0.118439
0 0 0.118252
0 0 0.117894
0 0 0.117749
0 0 0.117459
0 0 0.117249
0 0 0.117226
0 0 0.116493
0 0 0.11621
0 0 0.116006
0 0 0.115857
0 0 0.115745
0 0 0.115666
0 0 0.115649
0 0 0.115339
0 0 0.115076
0 0 0.114622
0 0 0.11416
0 0 0.114094
0 0 0.114003
0 0 0.113242
0 0 0.113064
0 0 0.112665
0 0 0.111854
0 0 0.111839
0 0 0.111446
0 0 0.111309
0 0 0.110936
0 0 0.110526
0 0 0.109644
0 0 0.109542
0 0 0.109268
0 0 0.108637
0 0 0.108605
0 0 0.108499
0 0 0.108151
0 0 0.108047
0 0 0.107621
0 0 0.107606
0 0 0.107566
0 0 0.107387
0 0 0.107356
0 0 0.107333
0 0 0.10714
0 0 0.106798
0 0 0.106663
0 0 0.106621
0 0 0.106296
0 0 0.106238
0 0 0.106213
0 0 0.106064
0 0 0.105982
0 0 0.105888
0 0 0.105681
0 0 0.105053
0 0 0.104809
0 0 0.104761
0 0 0.104275
0 0 0.103684
0 0 0.103401
0 0 0.103228
0 0 0.102875
0 0 0.102392
0 0 0.10238
0 0 0.102243
0 0 0.102067
0 0 0.102033
0 0 0.101912
0 0 0.101812
0 0 0.101687
0 0 0.101554
0 0 0.101554
0 0 0.101439
0 0 0.101412
0 0 0.101185
0 0 0.101024
0 0 0.100978
0 0 0.100619
0 0 0.10006
0 0 0.0990192
0 0 0.0985956
0 0 0.0984537
0 0 0.0983999
0 0 0.0981967
0 0 0.0973619
0 0 0.0968645
0 0 0.096467
0 0 0.0962794
0 0 0.0959249
0 0 0.095912
0 0 0.0956049
0 0 0.0950418
0 0 0.0947646
0 0 0.0946556
0 0 0.0944541
0 0 0.0944076
0 0 0.0943933
0 0 0.094229
0 0 0.094201
0 0 0.0936065
0 0 0.0928825
0 0 0.0927608
0 0 0.0925026
0 0 0.0923238
0 0 0.0921855
0 0 0.0920036
0 0 0.0911817
0 0 0.0910233
0 0 0.0908955
0 0 0.0899856
0 0 0.0898385
0 0 0.089657
0 0 0.0894883
0 0 0.0890802
0 0 0.0890359
0 0 0.0889121
0 0 0.0887776
0 0 0.0884124
0 0 0.0881861
0 0 0.0879828
0 0 0.087662
0 0 0.0870714
0 0 0.0866689
0 0 0.0864031
0 0 0.0863489
0 0 0.0863226
0 0 0.0861709
0 0 0.0860852
0 0 0.0860015
0 0 0.0856643
0 0 0.0856496
0 0 0.0848534
0 0 0.0846532
0 0 0.084115
0 0 0.0837788
0 0 0.083732
0 0 0.0836991
0 0 0.0827928
0 0 0.0826951
0 0 0.0826683
0 0 0.082312
0 0 0.0817363
0 0 0.0809131
0 0 0.0805184
0 0 0.0804984
0 0 0.0799167
0 0 0.079629
0 0 0.0793948
0 0 0.0791704
0 0 0.0789112
0 0 0.0784044
0 0 0.0781744
0 0 0.0781051
0 0 0.0778818
0 0 0.0778001
0 0 0.0773545
0 0 0.0772779
0 0 0.0765372
0 0 0.0762239
0 0 0.0761559
0 0 0.0755985
0 0 0.075382
0 0 0.0750655
0 0 0.0750388
0 0 0.0738943
0 0 0.07379
0 0 0.0735386
0 0 0.0712912
0 0 0.0712394
0 0 0.0702194
0 0 0.0699185
0 0 0.0697629
0 0 0.0689155
0 0 0.0688141
0 0 0.0683257
0 0 0.0674538
0 0 0.0664912
0 0 0.0651495
0 0 0.0647718
0 0 0.064062
0 0 0.063543
0 0 0.0597022
0 0 0.058328
0 0 0.0579564
0 0 0.0578932
1 0.367365 0.425092
0 0 0.0559182
0 0 0.0545467
1 0.175168 0.22392
0 0 0.0472274
1 0.498904 0.543108
1 0.172918 0.214038
1 0.21051 0.251598
1 0.337645 0.376477
1 0.291574 0.326514
1 0.168452 0.20134
1 0.159453 0.192109
1 0.241073 0.272772
1 0.221531 0.252755
1 0.134299 0.16469
1 0.161779 0.189653
1 0.504828 0.531456
1 0.1937 0.220083
1 0.141571 0.167856
1 0.202721 0.228023
1 0.103378 0.128604
1 0.432202 0.455475
1 0.11221 0.135215
1 0.468305 0.491125
1 0.102547 0.124938
1 0.135306 0.157282
1 0.126591 0.148039
1 0.15682 0.178176
1 0.127353 0.148692
1 0.370791 0.392095
1 0.139799 0.160324
1 0.117451 0.137933
1 0.373467 0.393917
1 0.128704 0.149023
1 0.362471 0.382787
1 0.270096 0.290229
1 0.128144 0.147898
1 0.170682 0.190219
1 0.183245 0.202627
1 0.121409 0.140611
1 0.101479 0.120342
1 0.162234 0.180875
1 0.102728 0.121141
1 0.0906191 0.108862
1 0.225954 0.243534
1 0.136571 0.153489
1 0.0852334 0.101091
1 0.116032 0.131815
1 0.108981 0.12471
1 0.133365 0.148938
1 0.188313 0.203744
1 0.216192 0.231559
1 0.287431 0.302683
1 0.157927 0.1731
1 0.134697 0.149335
1 0.230815 0.245384
1 0.141634 0.15612
1 0.12386 0.137413
1 0.178031 0.191478
1 0.108357 0.121747
2 0.1258 0.139043
1 0.106623 0.11984
1 0.10776 0.120972
1 0.13709 0.150103
1 0.0830543 0.096008
1 0.0988801 0.111353
1 0.116795 0.129258
1 0.207903 0.220059
1 0.121867 0.133777
1 0.118016 0.129766
1 0.13757 0.149309
1 0.161126 0.172683
1 0.110011 0.121267
1 0.0901787 0.100929
1 0.195148 0.205785
1 0.109926 0.120536
1 0.134949 0.145514
1 0.117837 0.128266
1 0.256974 0.267354
1 0.0930462 0.103405
1 0.118233 0.128571
1 0.145631 0.155962
1 0.125163 0.135385
1 0.140272 0.150471
1 0.145476 0.155526
1 0.1079 0.117934
1 0.11612 0.126109
1 0.165344 0.175162
1 0.0935504 0.103366
1 0.184796 0.194537
1 0.113383 0.123113
2 0.130516 0.140091
1 0.181405 0.190792
1 0.121125 0.130509
1 0.119631 0.128929
1 0.120512 0.129626
1 0.181703 0.190794
1 0.14946 0.158469
1 0.166327 0.175162
1 0.171654 0.180382
1 0.158205 0.166873
1 0.148644 0.157282
1 0.16483 0.173458
1 0.106597 0.115199
1 0.258934 0.267301
1 0.084104 0.0924005
1 0.124997 0.133194
1 0.119753 0.127727
2 0.150715 0.158646
1 0.181173 0.188994
1 0.103281 0.11108
1 0.249215 0.256976
1 0.180279 0.187885
1 0.142209 0.149663
1 0.0986126 0.105962
1 0.109283 0.116602
1 0.120468 0.127778
1 0.174262 0.181397
1 0.121399 0.128498
1 0.105726 0.112819
1 0.0922561 0.0993435
1 0.142318 0.149363
1 0.125608 0.132645
1 0.241769 0.248788
1 0.224678 0.231681
1 0.143258 0.15026
1 0.083273 0.0902735
2 0.14238 0.149094
1 0.120025 0.126513
1 0.121383 0.127745
1 0.126654 0.132933
1 0.188983 0.195236
1 0.143992 0.150197
1 0.0980631 0.104258
1 0.126841 0.133004
1 0.160958 0.167107
1 0.17201 0.178127
1 0.10696 0.112859
2 0.158112 0.163959
1 0.123332 0.129176
2 0.12992 0.135704
1 0.116798 0.122562
2 0.130962 0.136717
2 0.144589 0.150303
1 0.118608 0.124257
1 0.162174 0.167787
2 0.303533 0.30905
1 0.184654 0.190027
2 0.132518 0.137803
2 0.150103 0.155372
1 0.119402 0.124653
2 0.129974 0.135189
2 0.12363 0.128816
1 0.106602 0.111776
1 0.0844323 0.089571
1 0.137538 0.142646
2 0.123744 0.128816
1 0.145828 0.150806
1 0.22688 0.231732
1 0.165241 0.170075
1 0.0920246 0.0968538
1 0.108617 0.113431
1 0.141033 0.145808
1 0.11752 0.122246
1 0.141769 0.146434
1 0.124006 0.128604
1 0.514555 0.519142
1 0.161897 0.166422
1 0.189164 0.193683
1 0.150423 0.154933
1 0.123139 0.127603
1 0.103115 0.107553
1 0.13472 0.139095
2 0.125644 0.129974
1 0.266382 0.270677
1 0.166581 0.170829
2 0.148198 0.152377
2 0.13081 0.134941
1 0.0999838 0.104109
2 0.262622 0.26662
1 0.157441 0.161401
1 0.0884782 0.0923997
1 0.0852877 0.0891439
1 0.135869 0.13952
1 0.10895 0.112486
1 0.177018 0.180475
1 0.147374 0.150806
1 0.383337 0.386737
2 0.141234 0.144611
2 0.12971 0.133066
1 0.116886 0.1201
1 0.140097 0.143308
1 0.121814 0.125011
1 0.120442 0.12363
1 0.078165 0.081286
2 0.129962 0.133018
1 0.311023 0.314016
2 0.164606 0.167544
1 0.13665 0.139561
1 0.142954 0.145824
2 0.133101 0.135921
1 0.0845153 0.0873037
1 0.175986 0.178766
1 0.141315 0.14407
2 0.0942684 0.0968853
1 0.100421 0.102991
1 0.110049 0.112583
1 0.122008 0.124533
1 0.208239 0.210719
1 0.153555 0.156011
1 0.133851 0.136305
2 0.183075 0.185511
2 0.140563 0.142974
2 0.12169 0.124082
1 0.121649 0.123902
1 0.182901 0.185103
1 0.12561 0.127764
1 0.128212 0.130217
2 0.118737 0.120713
2 0.231447 0.233364
2 0.207865 0.209658
1 0.111521 0.113301
1 0.148254 0.149955
2 0.124702 0.126398
2 0.114738 0.116388
2 0.157045 0.158646
1 0.107801 0.109394
1 0.15366 0.155232
1 0.127051 0.128609
2 0.222008 0.223517
1 0.109797 0.111305
1 0.199113 0.200606
2 0.222178 0.22366
2 0.15778 0.159246
1 0.106018 0.107479
2 0.149676 0.151121
1 0.137695 0.139118
1 0.363226 0.364641
2 0.142263 0.143631
1 0.134754 0.136081
1 0.178715 0.180026
1 0.143298 0.144587
1 0.268507 0.269758
1 0.137861 0.139095
2 0.142118 0.143341
2 0.132371 0.13344
1 0.105828 0.106858
1 0.146242 0.147268
1 0.13707 0.138047
1 0.131884 0.132749
1 0.115393 0.11625
2 0.138404 0.139246
1 0.116796 0.11759
1 0.101862 0.102541
1 0.121232 0.121859
2 0.147632 0.14819
1 0.0896093 0.0901401
2 0.133426 0.133946
1 0.0886696 0.0891682
2 0.151135 0.151574
1 0.142895 0.143334
2 0.130301 0.130724
1 0.0868312 0.0872384
2 0.131441 0.131845
1 0.114909 0.115265
1 0.269702 0.270028
1 0.106867 0.10717
1 0.110761 0.111043
1 0.151009 0.151273
1 0.0957696 0.0959858
1 0.0751542 0.0753554
1 0.180216 0.180384
2 0.23549 0.235627
1 0.12504 0.125154
1 0.137292 0.137375
2 0.136314 0.136383
2 0.096008 0.0960726
1 0.143547 0.143601
1 0.230119 0.230173
1 0.106785 0.106815
1 0.130357 0.130375
