1 0.792992 inf
0 0 inf
0 0 inf
0 0 inf
0 0 inf
0 0 0.77257
0 0 0.75716
0 0 0.723263
0 0 0.682516
0 0 0.676503
0 0 0.605866
0 0 0.600236
0 0 0.575751
0 0 0.566119
0 0 0.549879
0 0 0.525773
0 0 0.523592
0 0 0.520443
0 0 0.516547
0 0 0.500917
0 0 0.498349
0 0 0.492374
0 0 0.474105
0 0 0.465566
0 0 0.461183
0 0 0.453663
0 0 0.441212
0 0 0.434916
0 0 0.421229
0 0 0.414103
0 0 0.411387
0 0 0.411362
0 0 0.397455
0 0 0.396823
0 0 0.390708
0 0 0.379648
0 0 0.374059
0 0 0.363318
0 0 0.350714
0 0 0.338616
0 0 0.333969
0 0 0.32966
0 0 0.321152
0 0 0.318716
0 0 0.317372
0 0 0.317272
0 0 0.309269
0 0 0.304542
0 0 0.303506
0 0 0.299977
0 0 0.296192
0 0 0.295134
0 0 0.285626
0 0 0.284914
0 0 0.2849
0 0 0.28452
0 0 0.273534
0 0 0.27283
0 0 0.272785
0 0 0.271483
0 0 0.270959
0 0 0.270649
0 0 0.267161
0 0 0.266824
0 0 0.259836
0 0 0.259338
0 0 0.258315
0 0 0.256667
0 0 0.255497
0 0 0.254502
0 0 0.253958
0 0 0.253284
0 0 0.251458
0 0 0.250378
0 0 0.248506
0 0 0.246185
0 0 0.245101
0 0 0.244454
0 0 0.241742
0 0 0.24103
0 0 0.238509
0 0 0.234104
0 0 0.233784
0 0 0.233095
0 0 0.232329
0 0 0.229988
0 0 0.229038
0 0 0.228914
0 0 0.226908
0 0 0.226667
0 0 0.226314
0 0 0.224345
0 0 0.220375
0 0 0.220253
0 0 0.219973
0 0 0.216721
0 0 0.2149
0 0 0.210569
0 0 0.207886
0 0 0.207196
0 0 0.204184
0 0 0.200857
0 0 0.20055
0 0 0.197118
0 0 0.196565
0 0 0.195625
0 0 0.194189
0 0 0.194041
0 0 0.19263
0 0 0.191552
0 0 0.191371
0 0 0.190508
0 0 0.190044
0 0 0.189962
0 0 0.185416
0 0 0.185358
0 0 0.184665
0 0 0.181039
0 0 0.178056
0 0 0.177927
0 0 0.175776
0 0 0.175336
0 0 0.174833
0 0 0.171544
0 0 0.170301
0 0 0.166554
0 0 0.165957
0 0 0.161957
0 0 0.161785
0 0 0.158659
0 0 0.158001
0 0 0.157939
0 0 0.157672
0 0 0.156763
0 0 0.155357
0 0 0.154271
0 0 0.152185
0 0 0.150664
0 0 0.149104
0 0 0.147744
0 0 0.14711
0 0 0.146797
0 0 0.146584
0 0 0.144902
0 0 0.142411
0 0 0.13901
0 0 0.138205
0 0 0.137293
0 0 0.135839
0 0 0.135716
0 0 0.134628
0 0 0.133875
0 0 0.133287
0 0 0.133028
0 0 0.131527
0 0 0.131142
0 0 0.130366
0 0 0.129613
0 0 0.128247
0 0 0.127809
0 0 0.127414
0 0 0.127063
0 0 0.126691
0 0 0.126111
0 0 0.125637
0 0 0.123872
0 0 0.123463
0 0 0.123273
1 0.624705 0.747517
0 0 0.12251
0 0 0.122193
0 0 0.121959
0 0 0.121299
0 0 0.120923
0 0 0.120797
0 0 0.12002
0 0 0.119633
0 0 0.118302
0 0 0.117741
0 0 0.117635
0 0 0.117226
0 0 0.116815
0 0 0.116737
0 0 0.116571
0 0 0.116275
0 0 0.115956
0 0 0.115363
0 0 0.115218
0 0 0.114375
0 0 0.11424
0 0 0.113645
0 0 0.113566
0 0 0.113174
0 0 0.113161
0 0 0.112915
0 0 0.112811
0 0 0.112749
0 0 0.11269
0 0 0.112541
0 0 0.111744
0 0 0.111704
0 0 0.111419
0 0 0.111278
0 0 0.110453
0 0 0.110281
0 0 0.109653
0 0 0.109318
0 0 0.109008
0 0 0.109002
0 0 0.108793
0 0 0.108549
0 0 0.108386
0 0 0.108228
0 0 0.108093
0 0 0.107855
0 0 0.107557
0 0 0.107062
0 0 0.106971
0 0 0.106907
0 0 0.106322
0 0 0.106132
0 0 0.1058
0 0 0.105563
0 0 0.105396
0 0 0.105092
0 0 0.105052
0 0 0.10502
0 0 0.104308
0 0 0.104242
0 0 0.104225
0 0 0.104146
0 0 0.103932
0 0 0.103559
0 0 0.102684
0 0 0.102463
0 0 0.102158
0 0 0.102146
0 0 0.102022
0 0 0.101941
0 0 0.10148
0 0 0.10147
0 0 0.101469
0 0 0.101343
0 0 0.101304
0 0 0.10108
0 0 0.100979
0 0 0.100652
0 0 0.100652
0 0 0.100632
0 0 0.10046
0 0 0.100166
0 0 0.0998763
0 0 0.0997867
0 0 0.0997121
0 0 0.0995297
0 0 0.0994968
0 0 0.0994827
0 0 0.0992187
0 0 0.09918
0 0 0.0991613
0 0 0.0990568
0 0 0.0988389
0 0 0.09874
0 0 0.0986233
0 0 0.0986085
0 0 0.0985103
0 0 0.0984463
0 0 0.0983301
0 0 0.0982372
0 0 0.0981619
0 0 0.097699
0 0 0.0976975
0 0 0.097579
0 0 0.0975263
0 0 0.0972828
0 0 0.096926
0 0 0.096601
0 0 0.0965739
0 0 0.0963941
0 0 0.0959077
0 0 0.0955925
0 0 0.0952847
0 0 0.0950737
0 0 0.0948964
0 0 0.0948862
0 0 0.0948511
0 0 0.0947653
0 0 0.0946592
0 0 0.0946458
0 0 0.094416
0 0 0.0943928
0 0 0.0943281
0 0 0.0942028
0 0 0.093956
0 0 0.0937333
0 0 0.0935865
0 0 0.0935066
0 0 0.0934804
0 0 0.0931674
0 0 0.0931404
0 0 0.0929246
0 0 0.092812
0 0 0.0927004
0 0 0.092319
0 0 0.0922432
0 0 0.0922084
0 0 0.0921653
0 0 0.0920099
0 0 0.0918437
0 0 0.0916907
0 0 0.0916377
0 0 0.0915878
0 0 0.091512
0 0 0.091472
0 0 0.0913446
0 0 0.0913199
0 0 0.0903209
0 0 0.0903029
0 0 0.0902708
0 0 0.0902377
0 0 0.0901383
0 0 0.0900979
0 0 0.0900051
0 0 0.0898976
0 0 0.0897818
0 0 0.0897773
0 0 0.0894456
0 0 0.0894006
0 0 0.0893766
0 0 0.0890231
0 0 0.089013
0 0 0.0889813
0 0 0.0885734
0 0 0.0883258
0 0 0.0882583
0 0 0.0882059
0 0 0.0880574
0 0 0.0879239
0 0 0.0877244
0 0 0.087463
0 0 0.0873766
0 0 0.0872885
0 0 0.0870709
0 0 0.0869951
0 0 0.0868768
1 0.504399 0.591266
0 0 0.0867973
0 0 0.0867902
0 0 0.0867824
0 0 0.0865898
0 0 0.086504
0 0 0.0864044
0 0 0.0862393
0 0 0.0860911
0 0 0.0860675
0 0 0.0859982
0 0 0.0855939
0 0 0.0853813
0 0 0.0845921
0 0 0.0843729
0 0 0.0842839
0 0 0.0841952
0 0 0.0841245
0 0 0.084046
0 0 0.083634
0 0 0.0833602
0 0 0.0832655
0 0 0.0832314
0 0 0.0830445
0 0 0.0822265
0 0 0.0820872
0 0 0.0819732
0 0 0.0813441
0 0 0.0811027
0 0 0.0810412
0 0 0.081026
0 0 0.0808785
0 0 0.0796769
0 0 0.0795563
1 0.297434 0.376893
0 0 0.0793316
0 0 0.078972
0 0 0.0788464
0 0 0.0787704
0 0 0.0783667
0 0 0.078125
0 0 0.0779376
0 0 0.0779234
0 0 0.0776047
0 0 0.0770821
0 0 0.0763848
0 0 0.0759225
0 0 0.0758812
0 0 0.0752736
0 0 0.0752479
0 0 0.0752122
0 0 0.0742843
0 0 0.0742576
0 0 0.0722294
0 0 0.0722012
0 0 0.0712159
0 0 0.0696409
0 0 0.0654708
1 0.280821 0.343999
0 0 0.0613105
1 0.395485 0.45121
1 0.40419 0.454757
1 0.121154 0.170898
1 0.556596 0.606191
1 0.257121 0.306087
1 0.320505 0.369186
1 0.309176 0.355993
1 0.532244 0.577007
1 0.346425 0.3888
1 0.510336 0.548131
1 0.530174 0.56684
1 0.28903 0.321653
1 0.393313 0.424712
1 0.273532 0.30352
1 0.136277 0.161046
1 0.243514 0.26695
1 0.101355 0.124682
1 0.489806 0.513012
1 0.0993403 0.121932
1 0.104825 0.127208
1 0.323628 0.345474
1 0.227776 0.249592
1 0.123058 0.144231
1 0.103849 0.124253
1 0.432541 0.452638
1 0.119027 0.138197
1 0.124695 0.14382
1 0.245018 0.263624
1 0.10272 0.120955
1 0.292903 0.310819
1 0.158215 0.175459
1 0.0933112 0.110044
1 0.101927 0.118527
1 0.099588 0.116145
1 0.114517 0.130819
1 0.111851 0.128064
1 0.114928 0.130444
1 0.25629 0.271629
1 0.12763 0.142918
1 0.132948 0.148057
1 0.140829 0.155391
1 0.134106 0.148561
1 0.104488 0.118878
1 0.105892 0.120161
1 0.108889 0.123051
1 0.727533 0.741559
1 0.207876 0.221681
2 0.125131 0.138797
1 0.105534 0.119036
1 0.110523 0.123903
1 0.108402 0.121435
1 0.10554 0.118527
1 0.0986492 0.1115
1 0.125822 0.138644
1 0.204064 0.216839
1 0.103956 0.116646
2 0.137277 0.149565
1 0.0947949 0.107038
1 0.163725 0.175933
1 0.103596 0.115784
1 0.130167 0.142257
1 0.093233 0.105311
1 0.0938096 0.105763
2 0.124959 0.136606
1 0.107428 0.119075
2 0.121005 0.132592
2 0.148835 0.160324
1 0.115761 0.12721
1 0.1046 0.116025
1 0.114449 0.125777
1 0.10743 0.118203
2 0.640489 0.651228
1 0.0979608 0.10863
1 0.162308 0.172762
1 0.124591 0.134826
1 0.106914 0.11713
2 0.126463 0.136504
2 0.213263 0.223286
1 0.104558 0.114479
1 0.110028 0.119938
1 0.0951778 0.105014
1 0.32931 0.339063
1 0.104903 0.114411
1 0.110328 0.11982
2 0.115642 0.125064
1 0.0964037 0.105693
1 0.13221 0.141453
1 0.110748 0.11981
2 0.121332 0.130385
1 0.111702 0.120741
2 0.13431 0.143324
1 0.103526 0.112419
1 0.101421 0.11027
1 0.117207 0.126026
1 0.114317 0.122868
1 0.117699 0.126179
1 0.109591 0.118064
1 0.111331 0.119723
1 0.16077 0.16913
1 0.253006 0.261281
1 0.106764 0.114994
1 0.12058 0.128772
1 0.202685 0.210859
1 0.28373 0.291882
1 0.116648 0.124682
2 0.113585 0.121619
2 0.130158 0.13803
2 0.124954 0.132677
1 0.108516 0.116196
2 0.126979 0.134557
1 0.111556 0.119028
1 0.109565 0.116923
1 0.0903591 0.0975176
2 0.184104 0.191174
1 0.314604 0.321641
1 0.0963025 0.103259
1 0.107354 0.114059
1 0.102898 0.109601
1 0.106245 0.112886
2 0.123228 0.12986
1 0.111018 0.117591
1 0.0867613 0.0932856
1 0.12577 0.132115
1 0.114269 0.120538
1 0.116897 0.123126
2 0.114481 0.120688
1 0.317849 0.323861
1 0.0961645 0.102032
2 0.1264 0.132188
1 0.202103 0.207835
2 0.120211 0.125919
1 0.453026 0.458725
2 0.673505 0.679179
1 0.133338 0.138956
1 0.110768 0.116164
2 0.160525 0.165797
2 0.119328 0.124401
1 0.109426 0.114411
1 0.136503 0.141473
1 0.116688 0.121628
2 0.131186 0.136059
1 0.15317 0.157961
1 0.0949026 0.0996456
1 0.109942 0.114677
1 0.114755 0.119477
1 0.118546 0.123185
2 0.277849 0.282414
1 0.147601 0.152128
2 0.148835 0.153338
2 0.130595 0.135024
1 0.096725 0.101078
1 0.108194 0.112391
1 0.139261 0.143457
2 0.146698 0.150846
1 0.155358 0.15947
1 0.103443 0.107408
1 0.11033 0.114283
1 0.0969247 0.100836
1 0.143079 0.146987
1 0.0988569 0.102616
1 0.385501 0.389242
1 0.10187 0.105547
2 0.119702 0.123366
2 0.162726 0.166364
2 0.144586 0.148215
1 0.110199 0.113786
1 0.115515 0.119017
1 0.107168 0.11064
1 0.113606 0.117077
1 0.104081 0.107515
2 0.113828 0.117204
1 0.100378 0.103752
2 0.417126 0.420475
1 0.0959678 0.0993098
1 0.11533 0.118657
1 0.142722 0.146012
1 0.113924 0.117101
1 0.126913 0.130059
2 0.116605 0.119739
2 0.121074 0.124174
1 0.114025 0.117101
1 0.124149 0.127137
2 0.116172 0.119056
1 0.114269 0.11713
2 0.132105 0.13489
2 0.132105 0.13489
1 0.126084 0.128806
1 0.107906 0.110506
1 0.384289 0.386833
1 0.118014 0.120538
2 0.11655 0.119056
2 0.132876 0.135366
1 0.101721 0.104211
2 0.125767 0.128212
1 0.111415 0.113844
2 0.1339 0.136246
1 0.146034 0.148367
1 0.0975002 0.0997997
1 0.103036 0.105213
1 0.101611 0.103777
1 0.106317 0.10846
2 0.133957 0.136059
1 0.152693 0.154766
2 0.126668 0.128734
1 0.115394 0.117458
1 0.101375 0.103411
2 0.116565 0.118454
1 0.133619 0.135507
1 0.233898 0.235777
2 0.138437 0.140235
1 0.650323 0.652071
2 0.130951 0.132677
2 0.127685 0.129389
2 0.140431 0.142109
1 0.112543 0.114125
2 0.136208 0.137787
1 0.169051 0.170576
2 0.13009 0.131608
1 0.701075 0.702522
2 0.135182 0.136552
1 0.252197 0.253564
2 0.14178 0.143134
2 0.12619 0.127512
1 0.122622 0.123935
1 0.12851 0.12981
1 0.102253 0.103524
1 0.159237 0.160486
2 0.269904 0.271097
2 0.117273 0.118454
1 0.117531 0.118708
1 0.148173 0.149322
1 0.0952852 0.09638
2 0.133957 0.135024
2 0.126485 0.127476
1 0.143429 0.144398
2 0.119995 0.120962
1 0.319627 0.320567
1 0.307104 0.308025
1 0.114275 0.115125
1 0.124584 0.125427
2 0.141422 0.14223
1 0.265921 0.266702
2 0.109127 0.109821
1 0.110858 0.111507
1 0.0960871 0.0966558
1 0.123007 0.123543
2 0.123733 0.124244
2 0.135375 0.135801
1 0.1141 0.114458
1 0.0993282 0.0996652
1 0.110088 0.1104
1 0.111986 0.112274
1 0.141118 0.141399
2 0.125351 0.125597
2 0.153087 0.153272
2 0.123203 0.123366
1 0.112487 0.112643
1 0.0974495 0.0975217
1 0.106839 0.106849
