0 0 inf
0 0 inf
0 0 0.75182
0 0 0.630827
0 0 0.500289
0 0 0.488388
0 0 0.45773
0 0 0.454186
0 0 0.430312
0 0 0.409729
0 0 0.394558
0 0 0.390265
0 0 0.383745
0 0 0.377553
0 0 0.374737
0 0 0.373478
0 0 0.341981
0 0 0.341477
0 0 0.327395
0 0 0.30627
0 0 0.303704
0 0 0.29414
0 0 0.28825
0 0 0.278878
0 0 0.272341
0 0 0.270505
0 0 0.265862
0 0 0.262958
0 0 0.261923
0 0 0.260396
0 0 0.259914
0 0 0.258747
0 0 0.253651
0 0 0.252174
0 0 0.252016
0 0 0.25156
0 0 0.245985
0 0 0.243622
0 0 0.242193
0 0 0.236911
0 0 0.235892
0 0 0.235609
0 0 0.234573
0 0 0.233751
0 0 0.233157
0 0 0.225413
0 0 0.222996
0 0 0.222237
0 0 0.21913
0 0 0.215902
0 0 0.211272
0 0 0.208655
0 0 0.206719
0 0 0.204469
0 0 0.204362
0 0 0.203408
0 0 0.202056
0 0 0.201534
0 0 0.199677
0 0 0.196574
0 0 0.192089
0 0 0.188026
0 0 0.18796
0 0 0.185589
0 0 0.181978
0 0 0.180955
0 0 0.179399
0 0 0.178013
0 0 0.177571
0 0 0.177058
0 0 0.175218
0 0 0.174471
0 0 0.173359
0 0 0.173177
0 0 0.171783
0 0 0.170383
0 0 0.169953
0 0 0.169688
0 0 0.168362
0 0 0.168067
0 0 0.167901
0 0 0.167292
0 0 0.16689
0 0 0.165981
0 0 0.165765
0 0 0.165118
0 0 0.162704
0 0 0.162219
0 0 0.161427
0 0 0.161178
0 0 0.160561
0 0 0.160017
0 0 0.159845
0 0 0.159166
0 0 0.157365
0 0 0.157175
0 0 0.157064
0 0 0.15689
0 0 0.156467
0 0 0.156457
0 0 0.155784
0 0 0.155421
0 0 0.15486
0 0 0.154251
0 0 0.153828
0 0 0.15362
0 0 0.153478
0 0 0.153463
0 0 0.153111
0 0 0.152183
0 0 0.152141
0 0 0.151625
0 0 0.150936
0 0 0.150827
0 0 0.15048
0 0 0.150035
0 0 0.14974
0 0 0.149133
0 0 0.148513
0 0 0.148054
0 0 0.147691
0 0 0.147027
0 0 0.146143
0 0 0.146057
0 0 0.145927
0 0 0.145484
0 0 0.14512
0 0 0.144635
0 0 0.14391
0 0 0.143547
0 0 0.143292
0 0 0.142924
0 0 0.141818
0 0 0.141424
0 0 0.140833
0 0 0.139938
0 0 0.139932
0 0 0.139564
0 0 0.138834
0 0 0.138322
0 0 0.138294
0 0 0.138118
0 0 0.137622
0 0 0.137441
0 0 0.136962
0 0 0.136605
0 0 0.136436
0 0 0.136029
0 0 0.135087
0 0 0.135083
0 0 0.134689
0 0 0.133998
0 0 0.13362
0 0 0.132896
0 0 0.132323
0 0 0.132213
0 0 0.131824
0 0 0.13125
0 0 0.131103
0 0 0.131052
0 0 0.130714
0 0 0.130535
0 0 0.13032
0 0 0.129648
0 0 0.129611
0 0 0.129064
0 0 0.129057
0 0 0.129003
0 0 0.128759
0 0 0.128754
0 0 0.128407
0 0 0.128397
0 0 0.128307
0 0 0.12773
0 0 0.127546
0 0 0.127516
0 0 0.126437
0 0 0.126186
0 0 0.125999
0 0 0.125567
0 0 0.124202
0 0 0.123971
0 0 0.12367
0 0 0.123194
0 0 0.123009
0 0 0.122974
0 0 0.122765
0 0 0.121844
0 0 0.121663
0 0 0.120974
0 0 0.120847
0 0 0.120526
0 0 0.120508
0 0 0.120312
0 0 0.11992
0 0 0.119906
0 0 0.119784
0 0 0.119569
0 0 0.119318
0 0 0.118217
0 0 0.117984
0 0 0.117255
0 0 0.117133
0 0 0.116663
0 0 0.116612
0 0 0.1166
0 0 0.116168
0 0 0.11554
0 0 0.115526
0 0 0.115125
0 0 0.114769
0 0 0.11392
0 0 0.11383
0 0 0.113747
0 0 0.113635
0 0 0.113611
0 0 0.113036
0 0 0.112974
0 0 0.112805
0 0 0.112648
0 0 0.112568
0 0 0.111864
0 0 0.111626
0 0 0.111546
0 0 0.111121
0 0 0.110926
0 0 0.110778
0 0 0.110708
0 0 0.110423
0 0 0.110347
0 0 0.110258
0 0 0.110035
0 0 0.109872
0 0 0.10961
0 0 0.108961
0 0 0.108575
0 0 0.108395
0 0 0.108186
0 0 0.107623
0 0 0.107497
0 0 0.107214
0 0 0.107101
0 0 0.106782
0 0 0.106596
0 0 0.106493
0 0 0.106314
0 0 0.106052
0 0 0.106034
0 0 0.105835
0 0 0.105347
0 0 0.105297
0 0 0.105223
0 0 0.10497
0 0 0.104862
0 0 0.103744
0 0 0.103616
0 0 0.103614
0 0 0.103481
0 0 0.103184
0 0 0.103126
0 0 0.102943
0 0 0.102769
0 0 0.102413
0 0 0.102356
0 0 0.10231
0 0 0.102056
0 0 0.10186
0 0 0.101421
0 0 0.101132
0 0 0.10089
0 0 0.100739
0 0 0.100426
0 0 0.100384
0 0 0.100224
0 0 0.100137
0 0 0.0999445
0 0 0.0998049
0 0 0.099672
0 0 0.0994675
0 0 0.0994083
0 0 0.0992041
0 0 0.0991936
0 0 0.0990909
0 0 0.0989968
0 0 0.0988548
0 0 0.098603
0 0 0.0985041
0 0 0.0981104
0 0 0.0980126
0 0 0.0978315
0 0 0.0977148
0 0 0.0976485
0 0 0.0974798
0 0 0.0974006
0 0 0.0972209
0 0 0.0967225
0 0 0.096575
0 0 0.0964267
0 0 0.0962152
0 0 0.0958103
0 0 0.0956734
0 0 0.0954512
0 0 0.0954422
0 0 0.0954151
0 0 0.0953745
0 0 0.0952608
0 0 0.0949656
0 0 0.0949043
0 0 0.0947373
0 0 0.0945716
0 0 0.0945372
0 0 0.0942593
0 0 0.0941871
0 0 0.0940963
0 0 0.0940598
0 0 0.0936908
0 0 0.0934066
0 0 0.0933828
0 0 0.0931515
0 0 0.0928352
0 0 0.0927963
0 0 0.0927534
0 0 0.0926053
0 0 0.09257
0 0 0.0924139
0 0 0.0921441
0 0 0.0920479
0 0 0.0919753
0 0 0.0918722
0 0 0.0918271
0 0 0.0916029
0 0 0.0915028
0 0 0.0914469
0 0 0.0914096
0 0 0.0912648
0 0 0.0910303
0 0 0.0909349
0 0 0.0907055
0 0 0.0906606
0 0 0.0903124
0 0 0.0901081
0 0 0.0896252
0 0 0.0894078
0 0 0.0892656
0 0 0.0891108
0 0 0.0888861
0 0 0.0887314
0 0 0.0886521
0 0 0.0886471
0 0 0.088571
0 0 0.0885148
0 0 0.0884944
0 0 0.0884834
0 0 0.0884643
0 0 0.0875629
0 0 0.0875588
0 0 0.0874013
0 0 0.0873234
0 0 0.0870247
0 0 0.0870195
0 0 0.0868994
0 0 0.0867396
0 0 0.086339
0 0 0.0863232
0 0 0.0862849
0 0 0.0860923
0 0 0.0859565
0 0 0.0857889
0 0 0.0855779
0 0 0.0852911
0 0 0.085195
0 0 0.0849104
0 0 0.0837786
0 0 0.0837617
0 0 0.0831409
0 0 0.0830059
0 0 0.0822324
0 0 0.082203
0 0 0.0820111
0 0 0.0812226
0 0 0.0800399
0 0 0.0799986
0 0 0.0799524
0 0 0.0796045
0 0 0.0795147
0 0 0.0781896
0 0 0.0773686
0 0 0.0773634
0 0 0.0772251
0 0 0.0761565
0 0 0.0756865
0 0 0.0756325
0 0 0.0754554
0 0 0.0752146
0 0 0.0748213
0 0 0.0719768
0 0 0.0706783
0 0 0.0706684
0 0 0.0673942
0 0 0.0666746
1 0.399502 0.45472
1 0.379735 0.417111
1 0.210609 0.245577
1 0.209525 0.244259
1 0.307664 0.337341
1 0.12035 0.148871
1 0.157716 0.18616
1 0.571538 0.597337
1 0.413453 0.438002
1 0.114209 0.138727
1 0.256441 0.280525
1 0.109486 0.133505
1 0.227952 0.251171
1 0.115819 0.138727
1 0.0968129 0.119409
1 0.269055 0.290401
1 0.297536 0.318254
1 0.168265 0.188771
1 0.108077 0.12754
1 0.189871 0.207791
1 0.138075 0.155981
1 0.10969 0.127486
1 0.0951843 0.112961
1 0.176144 0.193404
1 0.162968 0.180156
1 0.108502 0.125508
1 0.133975 0.150875
1 0.13454 0.151434
1 0.107982 0.124695
1 0.0999093 0.116276
1 0.0986313 0.114921
1 0.177324 0.19352
1 0.18136 0.197387
2 0.205024 0.220871
1 0.093762 0.109507
1 0.100601 0.116126
1 0.0950679 0.110537
1 0.140406 0.155823
1 0.0954302 0.110744
1 0.111915 0.12697
1 0.643037 0.657848
1 0.182339 0.19642
1 0.110046 0.123721
1 0.194227 0.20784
1 0.100815 0.114327
1 0.108231 0.121457
1 0.294204 0.307425
1 0.143112 0.156255
1 0.104688 0.117748
1 0.0985698 0.111604
1 0.108839 0.121831
1 0.166542 0.179191
1 0.128976 0.141597
1 0.110669 0.123255
1 0.0976654 0.110221
1 0.157534 0.170052
1 0.102203 0.11466
1 0.117702 0.13015
1 0.135074 0.147444
1 0.107565 0.119871
1 0.128354 0.14056
1 0.153619 0.165701
2 0.346142 0.358167
1 0.135169 0.147041
1 0.301566 0.313368
1 0.139365 0.151029
1 0.104727 0.116321
1 0.141589 0.153157
1 0.144325 0.155826
1 0.140219 0.151547
1 0.22485 0.235815
1 0.260228 0.271112
1 0.110143 0.120908
2 0.189214 0.199768
1 0.114684 0.125189
1 0.10571 0.116131
2 0.112159 0.122572
1 0.123256 0.133631
1 0.144683 0.155036
1 0.100506 0.110725
1 0.120816 0.130975
2 0.272156 0.282195
1 0.103161 0.113197
2 0.131784 0.141736
1 0.102227 0.112159
1 0.110752 0.120534
1 0.0972225 0.106825
1 0.101947 0.111541
1 0.0946573 0.104142
1 0.20571 0.215126
1 0.105628 0.114775
1 0.132844 0.141969
1 0.110889 0.119999
1 0.121875 0.130955
1 0.109289 0.118351
1 0.0962196 0.105246
1 0.211532 0.22054
2 0.128368 0.137369
2 0.127039 0.136034
1 0.106497 0.115385
1 0.11169 0.120522
1 0.115899 0.124589
1 0.128867 0.137344
1 0.149536 0.157902
2 0.188524 0.196884
1 0.260248 0.268505
1 0.111024 0.119275
2 0.176245 0.184441
2 0.112394 0.12058
1 0.109428 0.117571
1 0.103092 0.111183
2 0.170403 0.17841
1 0.11882 0.126817
1 0.0957309 0.103681
2 0.105904 0.113828
2 0.127257 0.135145
1 0.195954 0.203838
1 0.098107 0.105863
2 0.135124 0.142851
1 0.177339 0.185055
2 0.175184 0.182867
2 0.135283 0.142954
1 0.164071 0.171662
1 0.28084 0.288393
1 0.104069 0.111528
2 0.136543 0.143904
1 0.205846 0.21318
1 0.178558 0.18582
2 0.184988 0.191958
1 0.111102 0.118044
2 0.110705 0.117637
1 0.154283 0.161196
1 0.33564 0.342498
1 0.114464 0.121314
1 0.107239 0.11406
1 0.125682 0.132493
1 0.0990736 0.105863
1 0.167026 0.173799
1 0.109409 0.116176
1 0.112701 0.119395
1 0.114574 0.121252
1 0.204353 0.211013
1 0.143004 0.149634
1 0.155909 0.162491
2 0.160722 0.167285
2 0.123054 0.129604
1 0.11021 0.116758
1 0.117334 0.12387
1 0.155145 0.161611
2 0.116492 0.122947
1 0.128332 0.134767
2 0.118529 0.124947
1 0.137253 0.143647
1 0.469958 0.47633
1 0.257763 0.264088
1 0.093565 0.0998862
1 0.105768 0.112081
2 0.113878 0.120181
1 0.107554 0.113839
1 0.144566 0.150813
1 0.104508 0.110705
1 0.109234 0.115401
1 0.118513 0.124548
1 0.0957947 0.101698
1 0.101925 0.107795
1 0.117422 0.123288
1 0.237704 0.243537
1 0.291601 0.29741
2 0.153174 0.158885
2 0.126514 0.131982
1 0.141617 0.147041
1 0.102314 0.107585
2 0.140502 0.145773
1 0.0971875 0.102435
1 0.127004 0.132217
1 0.102347 0.107546
1 0.209263 0.214407
2 0.151838 0.156965
1 0.108556 0.113632
2 0.113139 0.118189
1 0.112794 0.117829
1 0.0994775 0.104509
2 0.162784 0.167797
1 0.102089 0.107085
1 0.112334 0.117303
1 0.120907 0.125837
2 0.166503 0.171422
1 0.0923464 0.0972612
1 0.135948 0.14086
2 0.183709 0.188531
1 0.0966189 0.101426
1 0.0986123 0.103322
1 0.10717 0.111815
2 0.135286 0.139893
2 0.165943 0.170341
1 0.119223 0.12358
2 0.11552 0.119869
1 0.0990244 0.103277
1 0.120392 0.124631
1 0.102805 0.107018
2 0.169803 0.174009
1 0.156962 0.161115
1 0.127839 0.131938
2 0.133223 0.137304
1 0.113072 0.117144
1 0.124308 0.128372
1 0.141317 0.145314
1 0.337907 0.341896
2 0.118434 0.122378
2 0.1179 0.121796
2 0.143683 0.147573
1 0.105488 0.109367
2 0.11631 0.120181
1 0.112706 0.116558
2 0.122854 0.126673
1 0.105605 0.109412
1 0.111769 0.115547
1 0.124083 0.12781
2 0.134223 0.137938
1 0.116368 0.120045
2 0.116254 0.119917
1 0.105289 0.108908
1 0.115921 0.119493
1 0.11658 0.120133
1 0.122424 0.125967
1 0.0917273 0.0952469
2 0.121203 0.124659
1 0.0970472 0.100447
2 0.124174 0.127539
1 0.117179 0.120544
1 0.113814 0.117037
1 0.125204 0.128394
1 0.189247 0.192417
1 0.129784 0.132928
2 0.136543 0.139607
1 0.179979 0.183032
1 0.109507 0.112528
1 0.241037 0.244018
1 0.120194 0.123163
1 0.147066 0.150032
1 0.115861 0.11881
2 0.111541 0.114446
1 0.114233 0.117127
2 0.151126 0.153987
1 0.110327 0.113168
2 0.115552 0.118316
1 0.118263 0.120945
2 0.121148 0.123817
1 0.145416 0.148063
2 0.202606 0.205249
1 0.104238 0.106817
1 0.124864 0.127406
2 0.119329 0.121869
1 0.143365 0.145886
1 0.175356 0.177863
2 0.110087 0.112551
1 0.109319 0.111772
1 0.193807 0.196194
2 0.121322 0.123615
1 0.163001 0.165293
2 0.130927 0.133184
1 0.204465 0.206719
2 0.121363 0.123615
1 0.115266 0.117514
2 0.125508 0.127691
1 0.131239 0.133406
1 0.123492 0.125642
1 0.146557 0.148685
2 0.119329 0.12144
1 0.11975 0.121831
1 0.0991196 0.101156
2 0.131407 0.13343
2 0.17105 0.173052
1 0.0999916 0.101961
1 0.156915 0.158862
2 0.13881 0.140741
1 0.102922 0.104841
1 0.0977133 0.099605
2 0.141134 0.143024
1 0.318551 0.320433
1 0.14754 0.149348
1 0.165862 0.167661
2 0.373595 0.375346
1 0.101931 0.103663
1 0.114751 0.116431
2 0.113612 0.115251
2 0.161527 0.163155
1 0.124026 0.125654
2 0.12456 0.126168
1 0.120534 0.122112
1 0.127922 0.129475
1 0.106206 0.107746
1 0.106047 0.107523
2 0.131462 0.132863
2 0.119385 0.120782
2 0.134676 0.13603
1 0.252468 0.253808
2 0.123721 0.125036
2 0.11453 0.115817
1 0.177753 0.179024
2 0.194152 0.195405
2 0.154301 0.155553
2 0.16887 0.170112
2 0.135008 0.136165
1 0.145493 0.14665
2 0.170046 0.171201
2 0.124749 0.125842
2 0.119493 0.12058
1 0.132317 0.133378
2 0.124899 0.125949
1 0.107322 0.108363
2 0.28992 0.290958
2 0.123153 0.124049
2 0.115722 0.116615
1 0.0967778 0.0976551
2 0.14731 0.148178
2 0.11733 0.118189
2 0.117957 0.118812
2 0.195365 0.196194
2 0.142409 0.143222
1 0.111272 0.112081
1 0.114583 0.115385
1 0.127474 0.128274
2 0.121792 0.122572
2 0.117938 0.118717
2 0.120247 0.121018
1 0.140753 0.141516
2 0.11572 0.11647
2 0.126515 0.127257
1 0.119069 0.119791
1 0.0972033 0.097912
2 0.12009 0.120782
1 0.0992353 0.0999064
1 0.166473 0.167143
2 0.118868 0.119524
2 0.125183 0.125837
2 0.179089 0.179741
2 0.135438 0.136076
1 0.114106 0.11474
2 0.124201 0.124833
1 0.117748 0.118371
1 0.111739 0.112356
1 0.101095 0.101698
1 0.148157 0.148685
1 0.116826 0.117338
1 0.184427 0.184928
1 0.102803 0.103296
2 0.12916 0.129649
1 0.137128 0.137615
2 0.120075 0.120543
2 0.120761 0.121191
2 0.150667 0.15109
2 0.159333 0.159741
1 0.124573 0.124941
2 0.124174 0.124527
2 0.120543 0.120896
2 0.114102 0.114446
2 0.12224 0.122572
2 0.124351 0.12468
1 0.139949 0.140269
1 0.118018 0.118338
1 0.101705 0.10202
2 0.111942 0.112241
2 0.1222 0.122481
1 0.110763 0.111036
2 0.13992 0.14017
1 0.10439 0.104632
1 0.121067 0.121307
2 0.202455 0.202689
1 0.12639 0.126592
2 0.123774 0.123952
1 0.118233 0.118371
2 0.128381 0.128512
2 0.121213 0.121326
2 0.121005 0.121018
