0 0 inf
0 0 inf
0 0 inf
0 0 inf
0 0 inf
0 0 0.770945
0 0 0.728667
0 0 0.724149
0 0 0.692577
0 0 0.680972
0 0 0.675277
0 0 0.654986
0 0 0.624857
0 0 0.623249
0 0 0.605202
0 0 0.594843
0 0 0.569509
0 0 0.566818
0 0 0.546536
0 0 0.523757
0 0 0.506676
0 0 0.494812
0 0 0.474765
0 0 0.451228
0 0 0.425895
0 0 0.424909
0 0 0.419758
0 0 0.394015
0 0 0.3928
0 0 0.382097
0 0 0.372392
0 0 0.346645
0 0 0.338682
0 0 0.333997
0 0 0.332287
0 0 0.319673
0 0 0.319444
0 0 0.318875
0 0 0.316139
0 0 0.315555
0 0 0.307613
0 0 0.304087
0 0 0.301415
0 0 0.295281
0 0 0.2824
0 0 0.266983
0 0 0.251947
0 0 0.248402
0 0 0.24785
0 0 0.244117
0 0 0.241406
0 0 0.240073
0 0 0.237315
0 0 0.236653
0 0 0.236624
0 0 0.235865
0 0 0.232189
0 0 0.23133
0 0 0.230552
0 0 0.224186
0 0 0.212343
0 0 0.210108
0 0 0.208819
0 0 0.207581
0 0 0.206916
0 0 0.202644
0 0 0.202231
0 0 0.199325
0 0 0.198806
0 0 0.187185
0 0 0.182013
0 0 0.180865
0 0 0.178359
0 0 0.176276
0 0 0.175258
0 0 0.170292
0 0 0.168986
0 0 0.166455
0 0 0.166273
0 0 0.164544
0 0 0.162134
0 0 0.1609
0 0 0.156881
0 0 0.156417
0 0 0.156076
0 0 0.154084
0 0 0.152282
0 0 0.152019
0 0 0.151575
0 0 0.151089
0 0 0.148728
0 0 0.148089
0 0 0.142959
0 0 0.142346
0 0 0.142079
0 0 0.141316
0 0 0.141012
0 0 0.140815
0 0 0.139918
0 0 0.138339
0 0 0.13808
0 0 0.137968
0 0 0.137074
0 0 0.136564
0 0 0.135701
0 0 0.135468
0 0 0.13543
0 0 0.135238
0 0 0.135178
0 0 0.134208
0 0 0.132762
0 0 0.132603
0 0 0.132011
0 0 0.132006
0 0 0.130316
0 0 0.130273
0 0 0.129966
0 0 0.129778
0 0 0.129707
0 0 0.129268
0 0 0.129261
0 0 0.129163
0 0 0.128268
0 0 0.127446
0 0 0.126649
0 0 0.126502
0 0 0.126378
0 0 0.126157
0 0 0.125963
0 0 0.125814
0 0 0.125651
0 0 0.125225
0 0 0.124305
0 0 0.124204
0 0 0.12397
0 0 0.123767
0 0 0.123479
0 0 0.122867
0 0 0.122831
0 0 0.122706
0 0 0.121784
0 0 0.121712
0 0 0.121207
0 0 0.118859
0 0 0.117137
0 0 0.11558
0 0 0.115556
0 0 0.115465
0 0 0.114978
0 0 0.113592
0 0 0.113327
0 0 0.113213
0 0 0.11286
0 0 0.111624
0 0 0.111311
0 0 0.111172
0 0 0.11032
0 0 0.110086
0 0 0.109788
0 0 0.10967
0 0 0.109341
0 0 0.109259
0 0 0.108704
0 0 0.108203
0 0 0.108039
0 0 0.10783
0 0 0.107539
0 0 0.107527
0 0 0.107253
0 0 0.107245
0 0 0.107202
0 0 0.107164
0 0 0.106937
0 0 0.106883
0 0 0.106543
0 0 0.106476
0 0 0.106322
0 0 0.10617
0 0 0.106166
0 0 0.106133
0 0 0.106125
0 0 0.105969
0 0 0.105962
0 0 0.105862
0 0 0.105841
0 0 0.10551
0 0 0.10497
0 0 0.104926
0 0 0.104838
0 0 0.104373
0 0 0.104363
0 0 0.104281
0 0 0.104281
0 0 0.103706
0 0 0.103499
0 0 0.1029
0 0 0.102849
0 0 0.102228
0 0 0.102173
0 0 0.101858
0 0 0.101718
0 0 0.101491
0 0 0.101465
0 0 0.101439
0 0 0.10134
0 0 0.100552
0 0 0.10053
0 0 0.100415
0 0 0.100365
0 0 0.100274
0 0 0.100013
0 0 0.0993901
0 0 0.0992843
0 0 0.0987627
0 0 0.0984769
0 0 0.0984226
0 0 0.0983491
0 0 0.0982587
0 0 0.0980823
0 0 0.0980556
0 0 0.097879
0 0 0.09761
0 0 0.0974967
0 0 0.0970622
0 0 0.0969118
0 0 0.0968099
0 0 0.0967101
0 0 0.0966485
0 0 0.0965466
0 0 0.0963284
0 0 0.0962476
0 0 0.0961086
0 0 0.0954949
0 0 0.0954198
0 0 0.0953274
0 0 0.095225
0 0 0.0949396
0 0 0.0946809
0 0 0.0945176
0 0 0.0944329
0 0 0.0943741
0 0 0.0941833
0 0 0.094182
0 0 0.0939623
0 0 0.0939106
0 0 0.0939025
0 0 0.0937855
0 0 0.0934552
0 0 0.0934126
0 0 0.0932512
0 0 0.0930958
0 0 0.0930862
0 0 0.0928862
0 0 0.0925678
0 0 0.0925232
0 0 0.0923843
0 0 0.0923468
0 0 0.0921737
0 0 0.0918661
0 0 0.0918235
0 0 0.0917644
0 0 0.0916512
0 0 0.0909086
0 0 0.0907371
0 0 0.0906574
0 0 0.0906307
0 0 0.090572
0 0 0.0903786
0 0 0.0901566
0 0 0.0900678
0 0 0.0900316
0 0 0.0898789
0 0 0.0892585
0 0 0.0888718
0 0 0.0887536
0 0 0.0884071
0 0 0.088316
0 0 0.0881455
0 0 0.0878594
0 0 0.0877492
0 0 0.0877006
0 0 0.0876557
0 0 0.087606
0 0 0.0876037
0 0 0.0874855
0 0 0.0873643
0 0 0.0866049
0 0 0.0866008
0 0 0.0862796
0 0 0.0862644
0 0 0.0860814
0 0 0.0857595
0 0 0.0857056
0 0 0.0855909
0 0 0.0855225
0 0 0.0854345
0 0 0.0854323
0 0 0.0853229
0 0 0.0852214
0 0 0.0851202
0 0 0.0850975
0 0 0.0848797
0 0 0.0848242
0 0 0.0843093
0 0 0.084247
0 0 0.0839018
0 0 0.0838301
0 0 0.083569
0 0 0.0830223
0 0 0.0825561
0 0 0.0823697
0 0 0.082283
0 0 0.0821566
0 0 0.0820939
0 0 0.0820525
0 0 0.0816678
0 0 0.0816153
0 0 0.0815491
0 0 0.081482
0 0 0.0813288
0 0 0.0811773
0 0 0.0811156
0 0 0.0809176
0 0 0.0807672
0 0 0.0804758
0 0 0.0802842
0 0 0.080235
0 0 0.0801225
0 0 0.0801038
0 0 0.0798913
0 0 0.0796951
0 0 0.0791403
0 0 0.0789699
0 0 0.0789569
0 0 0.0789415
0 0 0.0787862
0 0 0.0783483
0 0 0.0781827
0 0 0.0780421
0 0 0.0780095
0 0 0.0779899
0 0 0.0779822
0 0 0.0779795
0 0 0.0776421
0 0 0.0775497
0 0 0.0774124
0 0 0.0772748
0 0 0.0771158
0 0 0.0770678
0 0 0.076622
0 0 0.0765733
0 0 0.0765108
0 0 0.0764869
0 0 0.0763101
0 0 0.0758518
0 0 0.0757163
0 0 0.075072
0 0 0.0750548
0 0 0.0747924
0 0 0.0741742
0 0 0.0740023
0 0 0.0737134
0 0 0.0735024
0 0 0.0730496
0 0 0.072966
0 0 0.0727986
0 0 0.0726526
0 0 0.0724524
0 0 0.0723736
0 0 0.0718923
0 0 0.0717988
0 0 0.0716265
0 0 0.0713641
0 0 0.0712886
0 0 0.0710957
0 0 0.0705734
0 0 0.0704136
0 0 0.07008
0 0 0.0695835
0 0 0.0695506
0 0 0.0695452
0 0 0.0694407
0 0 0.0694305
0 0 0.0688985
0 0 0.0687729
0 0 0.0685519
0 0 0.0675365
0 0 0.0664012
0 0 0.0648347
0 0 0.0647372
0 0 0.0641311
0 0 0.0638877
0 0 0.0634661
0 0 0.062585
0 0 0.0619967
0 0 0.0606037
0 0 0.0605307
0 0 0.0604102
0 0 0.056569
0 0 0.0562514
1 0.312188 0.351009
1 0.625861 0.655414
1 0.221187 0.250215
1 0.148842 0.176565
1 0.202402 0.22938
1 0.341461 0.365596
1 0.110911 0.134543
1 0.188074 0.211481
1 0.148927 0.171851
1 0.301237 0.322192
1 0.108601 0.129146
1 0.135346 0.155741
2 0.233374 0.253157
1 0.176038 0.195348
1 0.215533 0.23324
1 0.0799652 0.0975516
1 0.104664 0.122143
1 0.277523 0.294639
1 0.0974229 0.11384
1 0.203289 0.219471
1 0.109631 0.125769
1 0.132314 0.147925
1 0.117975 0.133109
1 0.0939253 0.10874
1 0.108638 0.123408
1 0.104135 0.118877
1 0.285538 0.300088
1 0.113049 0.127277
1 0.300511 0.314296
1 0.185248 0.198911
2 0.121447 0.134889
1 0.0891453 0.102376
1 0.237198 0.250334
1 0.0955729 0.108532
1 0.183588 0.19641
1 0.0875378 0.10031
1 0.15647 0.168894
1 0.0916638 0.103841
1 0.102798 0.114898
1 0.0897021 0.1018
1 0.0894472 0.101213
1 0.109596 0.121299
1 0.20467 0.216297
1 0.253249 0.264786
1 0.127915 0.139252
1 0.100402 0.111661
1 0.119633 0.130758
1 0.108319 0.119109
1 0.110149 0.120823
1 0.0863313 0.0968312
1 0.10093 0.111229
1 0.104399 0.114646
2 0.237411 0.247452
1 0.215773 0.225749
1 0.0812761 0.0911476
1 0.0992321 0.108744
1 0.0945353 0.103903
1 0.109025 0.118296
1 0.103765 0.112978
2 0.1447 0.153885
1 0.143609 0.152692
1 0.111156 0.120224
1 0.106482 0.115292
1 0.0998291 0.108619
1 0.0908977 0.0996133
1 0.237456 0.245983
1 0.100215 0.108697
1 0.132637 0.14109
1 0.0826007 0.0910505
1 0.239261 0.247691
1 0.106215 0.114631
1 0.1885 0.196866
1 0.191079 0.199106
1 0.111729 0.119491
1 0.0841926 0.0918904
1 0.0831289 0.0908191
2 0.123516 0.131048
2 0.135367 0.142842
2 0.108829 0.116266
2 0.108855 0.116266
1 0.0974701 0.104854
1 0.140671 0.147971
1 0.125025 0.132239
1 0.0986742 0.105773
2 0.133213 0.140296
1 0.125974 0.132979
1 0.0867771 0.0937297
1 0.115579 0.122512
1 0.108154 0.115032
1 0.111189 0.117928
1 0.0841954 0.0908755
2 0.123459 0.130118
2 0.109683 0.116317
1 0.103933 0.110549
1 0.0926765 0.0992862
2 0.102697 0.109056
1 0.0851786 0.0915066
1 0.0929328 0.0991845
1 0.11656 0.122709
1 0.106141 0.1122
1 0.0933325 0.0993212
1 0.446768 0.452749
1 0.156249 0.162181
1 0.108499 0.114411
1 0.126906 0.13261
1 0.246168 0.251804
1 0.136439 0.142072
1 0.138472 0.143993
2 0.172056 0.177518
1 0.16703 0.172434
1 0.0986505 0.103941
1 0.112493 0.11761
2 0.132205 0.137255
2 0.115409 0.120347
1 0.0858675 0.09079
1 0.100854 0.105773
2 0.205172 0.210022
2 0.104673 0.109486
1 0.113241 0.118024
1 0.100068 0.10477
1 0.13443 0.13909
1 0.127122 0.131739
1 0.118456 0.123068
1 0.131587 0.136055
1 0.122446 0.126853
1 0.214222 0.21861
1 0.112169 0.116536
1 0.107659 0.111983
2 0.0913789 0.0956855
1 0.0888617 0.0931586
1 0.159237 0.163526
1 0.0950763 0.0993612
2 0.232964 0.237229
1 0.113038 0.117197
2 0.1173 0.121448
1 0.0926319 0.0967459
1 0.0866832 0.0907129
1 0.10912 0.113147
1 0.127787 0.131674
2 0.139285 0.14314
1 0.113649 0.117491
2 0.118676 0.1225
1 0.098902 0.102696
1 0.0899118 0.0935823
1 0.117108 0.12072
2 0.108825 0.112368
1 0.11275 0.116281
2 0.129898 0.133312
1 0.08554 0.0888976
2 0.110285 0.113619
1 0.123607 0.126882
1 0.102446 0.10564
1 0.193229 0.196329
1 0.0993453 0.102414
1 0.206658 0.20967
1 0.113868 0.1168
1 0.0898189 0.0927413
1 0.125047 0.12791
1 0.103302 0.106141
1 0.101959 0.104791
1 0.101 0.103827
2 0.0998916 0.102641
1 0.0844648 0.0871341
1 0.135293 0.13795
1 0.088693 0.0913327
1 0.118718 0.121344
2 0.140488 0.143035
1 0.105572 0.108115
1 0.115208 0.117726
1 0.114902 0.117398
2 0.136773 0.139252
1 0.0952764 0.0977542
2 0.106004 0.108445
2 0.109953 0.112368
1 0.134731 0.137128
1 0.0953564 0.0976585
1 0.0880067 0.0903078
2 0.161021 0.163267
1 0.131911 0.134117
2 0.146649 0.148845
1 0.0952473 0.0974319
1 0.105772 0.107875
2 0.129962 0.132022
1 0.131546 0.133606
1 0.123058 0.125091
1 0.198281 0.20031
1 0.130096 0.132095
1 0.113199 0.115169
1 0.0892157 0.0911476
1 0.118053 0.119967
1 0.10085 0.102759
1 0.149062 0.150934
1 0.117628 0.119458
1 0.100624 0.102449
2 0.124407 0.126185
2 0.135736 0.137481
1 0.144359 0.146093
1 0.116247 0.117928
1 0.196163 0.197831
1 0.0884342 0.0900897
1 0.246954 0.248606
1 0.0881551 0.089782
2 0.130712 0.132338
1 0.0915401 0.0931586
1 0.101583 0.103188
1 0.119453 0.121039
1 0.105625 0.107179
2 0.144648 0.146165
2 0.0975516 0.099039
1 0.0974628 0.0988927
1 0.0884629 0.0898793
1 0.138749 0.140143
1 0.11413 0.115465
1 0.10365 0.104961
2 0.244678 0.245983
1 0.120802 0.122047
1 0.195166 0.19641
1 0.0969575 0.0982012
2 0.115587 0.116812
2 0.197765 0.198979
1 0.11954 0.120711
2 0.216399 0.217488
2 0.104573 0.105644
1 0.0914768 0.0924863
1 0.126441 0.127411
1 0.100721 0.101674
1 0.0933089 0.0942572
1 0.138143 0.13909
1 0.195975 0.196916
2 0.143285 0.144203
2 0.136537 0.137447
1 0.0940651 0.0949675
1 0.0878527 0.0887475
1 0.0936698 0.0945587
1 0.119263 0.120144
1 0.0985653 0.0994097
2 0.142227 0.143035
2 0.109305 0.110108
2 0.237785 0.238558
1 0.111322 0.112069
2 0.134543 0.135258
1 0.0938741 0.0945878
2 0.134675 0.135388
1 0.0920742 0.0927852
1 0.132482 0.13318
1 0.092137 0.0928057
1 0.116874 0.117491
1 0.123709 0.124293
1 0.213865 0.214447
2 0.13691 0.137481
1 0.108034 0.108569
1 0.127678 0.128208
2 0.125527 0.126032
1 0.108066 0.108569
2 0.121808 0.122275
2 0.109172 0.109616
1 0.103814 0.104249
1 0.0903415 0.090767
1 0.0885653 0.0888989
2 0.121403 0.121729
1 0.181725 0.181975
2 0.135535 0.135734
2 0.123812 0.123999
1 0.0975081 0.0976823
1 0.13545 0.135616
2 0.101983 0.102133
1 0.0902854 0.0902861
