0 0 inf
0 0 0.68609
0 0 0.506218
0 0 0.48861
0 0 0.475243
0 0 0.472301
0 0 0.361243
0 0 0.337905
0 0 0.321636
0 0 0.309814
0 0 0.309784
0 0 0.294021
0 0 0.292124
0 0 0.286079
0 0 0.285787
0 0 0.282722
0 0 0.280896
0 0 0.276397
0 0 0.2664
0 0 0.260749
0 0 0.260127
0 0 0.251534
0 0 0.250164
0 0 0.240115
0 0 0.233079
0 0 0.231921
0 0 0.227008
0 0 0.224293
0 0 0.221162
0 0 0.212479
0 0 0.211363
0 0 0.207492
0 0 0.202637
0 0 0.197931
0 0 0.197794
0 0 0.195657
0 0 0.191092
0 0 0.188064
0 0 0.18353
0 0 0.182874
0 0 0.182705
0 0 0.171822
0 0 0.169363
0 0 0.167863
0 0 0.16654
0 0 0.16644
0 0 0.164568
0 0 0.164338
0 0 0.159322
0 0 0.159046
0 0 0.158943
0 0 0.156098
0 0 0.155655
0 0 0.155445
0 0 0.154627
0 0 0.151751
0 0 0.147674
0 0 0.145917
0 0 0.145093
0 0 0.144091
0 0 0.142683
0 0 0.141019
0 0 0.136552
0 0 0.135693
0 0 0.133875
0 0 0.133644
0 0 0.132126
0 0 0.131164
0 0 0.131043
0 0 0.129595
0 0 0.129297
0 0 0.127783
0 0 0.127269
0 0 0.126769
0 0 0.126678
0 0 0.126455
0 0 0.126413
0 0 0.125915
0 0 0.123877
0 0 0.123255
0 0 0.121972
0 0 0.12166
0 0 0.121096
0 0 0.120201
0 0 0.119615
0 0 0.119102
0 0 0.118841
0 0 0.118772
0 0 0.117804
0 0 0.117294
0 0 0.117264
0 0 0.114917
0 0 0.114806
0 0 0.113927
0 0 0.113838
0 0 0.112549
0 0 0.111597
0 0 0.111037
0 0 0.110657
0 0 0.110582
0 0 0.110552
0 0 0.110478
0 0 0.110388
0 0 0.110254
0 0 0.110228
0 0 0.109418
0 0 0.109402
0 0 0.107066
0 0 0.106983
0 0 0.106574
0 0 0.105916
0 0 0.105772
0 0 0.105313
0 0 0.105101
0 0 0.104022
0 0 0.103493
0 0 0.101809
0 0 0.101081
0 0 0.101048
0 0 0.100876
0 0 0.100533
0 0 0.100054
0 0 0.0999189
0 0 0.098925
0 0 0.0988472
0 0 0.098312
0 0 0.0973941
0 0 0.0973424
0 0 0.0970981
0 0 0.0968296
0 0 0.096771
0 0 0.0965568
0 0 0.0965251
0 0 0.096523
0 0 0.096516
0 0 0.0963814
0 0 0.096351
0 0 0.0962627
0 0 0.0956939
0 0 0.0956585
0 0 0.0951769
0 0 0.0949928
0 0 0.0949215
0 0 0.0947168
0 0 0.0946876
0 0 0.0946471
0 0 0.0944877
0 0 0.0941379
0 0 0.0937978
0 0 0.0932988
0 0 0.0931345
0 0 0.0930481
0 0 0.092396
0 0 0.0919379
0 0 0.0916987
0 0 0.0916781
0 0 0.0916393
0 0 0.0913195
0 0 0.0912904
0 0 0.0912166
0 0 0.0908562
0 0 0.0908173
0 0 0.0907712
0 0 0.0906553
0 0 0.0906123
0 0 0.0906111
0 0 0.0904952
0 0 0.0901406
0 0 0.0900877
0 0 0.090046
0 0 0.0897247
0 0 0.0895432
0 0 0.0893526
0 0 0.0892713
0 0 0.0889606
0 0 0.0889573
0 0 0.0881189
0 0 0.088077
0 0 0.0879268
0 0 0.0879129
0 0 0.0876314
0 0 0.0876268
0 0 0.0873993
0 0 0.087171
0 0 0.0867354
0 0 0.0863334
0 0 0.086107
0 0 0.0857935
0 0 0.085753
0 0 0.0856294
0 0 0.0853239
0 0 0.0852293
0 0 0.0849539
0 0 0.0849187
0 0 0.0847906
0 0 0.0846999
0 0 0.0839805
0 0 0.0837001
0 0 0.0836441
0 0 0.0836084
0 0 0.0835556
0 0 0.083126
0 0 0.0823429
0 0 0.0817206
0 0 0.0816933
0 0 0.0816887
0 0 0.0816588
0 0 0.081598
0 0 0.0811876
0 0 0.0809439
0 0 0.0808645
0 0 0.0807239
0 0 0.0804823
0 0 0.080419
0 0 0.0798043
0 0 0.079696
0 0 0.079677
0 0 0.0793599
0 0 0.0791847
0 0 0.0790839
0 0 0.0790507
0 0 0.0787554
0 0 0.0786655
0 0 0.078425
0 0 0.0784103
0 0 0.0782974
0 0 0.0781923
0 0 0.0781346
0 0 0.0779716
0 0 0.0778451
0 0 0.0774296
0 0 0.0765937
0 0 0.0763506
0 0 0.0759648
0 0 0.0758735
0 0 0.075828
0 0 0.0757841
0 0 0.075731
0 0 0.0752923
0 0 0.0752564
0 0 0.0752502
0 0 0.0752309
0 0 0.0750037
0 0 0.0749466
0 0 0.0746799
0 0 0.0745917
0 0 0.0736638
0 0 0.0735906
0 0 0.0735523
0 0 0.0733039
0 0 0.0729272
0 0 0.0727179
0 0 0.072652
0 0 0.0725319
0 0 0.0725086
0 0 0.0724632
0 0 0.0723639
0 0 0.0722349
0 0 0.0721401
0 0 0.0719733
0 0 0.0718646
0 0 0.0718485
0 0 0.0716645
0 0 0.0715827
0 0 0.0715465
0 0 0.0715343
0 0 0.0714971
0 0 0.0713887
0 0 0.0712821
0 0 0.071124
0 0 0.0710692
0 0 0.0710445
0 0 0.0709989
0 0 0.0709235
0 0 0.0708419
0 0 0.0706779
0 0 0.0706643
0 0 0.0706199
0 0 0.0705999
0 0 0.0705238
0 0 0.0705094
0 0 0.0704444
0 0 0.0704371
0 0 0.070119
0 0 0.069928
0 0 0.0699246
0 0 0.069819
0 0 0.0696969
0 0 0.0695728
0 0 0.0694978
0 0 0.0694656
0 0 0.0692813
0 0 0.0692435
0 0 0.0690234
0 0 0.0688762
0 0 0.0687962
0 0 0.0686856
0 0 0.0686527
0 0 0.06856
0 0 0.068536
0 0 0.0684908
0 0 0.0684875
0 0 0.0684535
0 0 0.0684423
0 0 0.0684208
0 0 0.0682355
0 0 0.0681781
0 0 0.0679037
0 0 0.0678175
0 0 0.067808
0 0 0.067712
0 0 0.0676299
0 0 0.0674965
0 0 0.0674919
0 0 0.0674818
0 0 0.0674294
0 0 0.0673877
0 0 0.0673763
0 0 0.0673626
0 0 0.0671629
0 0 0.0671559
0 0 0.066982
0 0 0.0668919
0 0 0.0664908
0 0 0.0661878
0 0 0.0660692
0 0 0.0660329
0 0 0.0658336
0 0 0.0657961
0 0 0.0656531
0 0 0.065496
0 0 0.0653374
0 0 0.065294
0 0 0.0652634
0 0 0.0652422
0 0 0.065171
0 0 0.0651497
0 0 0.0651409
0 0 0.0650361
0 0 0.0649328
0 0 0.0647594
0 0 0.0645485
0 0 0.0644847
0 0 0.0644622
0 0 0.0642729
0 0 0.0642283
0 0 0.0641464
0 0 0.0639862
0 0 0.0639504
0 0 0.0636945
0 0 0.0634826
0 0 0.0632467
0 0 0.0632383
0 0 0.0632282
0 0 0.0628898
0 0 0.0628804
0 0 0.0625215
0 0 0.062427
0 0 0.0624054
0 0 0.0623414
0 0 0.061996
0 0 0.0617859
0 0 0.0617019
0 0 0.0616848
0 0 0.0614898
0 0 0.0613791
0 0 0.0612158
0 0 0.0610614
0 0 0.060505
0 0 0.060268
0 0 0.0601649
0 0 0.0601248
0 0 0.0596427
0 0 0.0595443
0 0 0.0593846
0 0 0.0591408
0 0 0.059132
0 0 0.0590948
0 0 0.0590518
0 0 0.0587665
0 0 0.0575669
0 0 0.0575503
0 0 0.0575174
0 0 0.0570012
0 0 0.0566032
0 0 0.0566005
0 0 0.056251
0 0 0.0555221
0 0 0.0548447
0 0 0.0547175
1 0.350294 0.40489
0 0 0.0544538
0 0 0.0543607
0 0 0.0543157
1 0.224666 0.278488
0 0 0.0533265
0 0 0.0528717
1 0.34723 0.399983
0 0 0.0508419
0 0 0.0503932
1 0.291091 0.341176
0 0 0.0499739
0 0 0.0485274
0 0 0.0483255
1 0.325554 0.369584
1 0.120574 0.147174
1 0.153166 0.17946
1 0.183806 0.209225
1 0.339553 0.364064
1 0.142698 0.166261
1 0.0706912 0.0908204
1 0.0876243 0.106097
1 0.149984 0.168335
1 0.0723181 0.0897491
1 0.511552 0.528339
1 0.0973498 0.113777
1 0.0882326 0.104576
1 0.120939 0.135949
1 0.278911 0.293015
1 0.10151 0.115355
1 0.0871124 0.100816
1 0.280199 0.29349
2 0.441928 0.454877
1 0.0723326 0.0851271
1 0.203648 0.216426
1 0.148421 0.160714
1 0.0764884 0.0886795
1 0.0748704 0.0868403
1 0.0718526 0.0835917
1 0.0725997 0.0838995
1 0.0825373 0.0929728
1 0.0971618 0.107404
1 0.0796913 0.0898823
1 0.0808652 0.0909976
1 0.0912566 0.101215
1 0.186946 0.196834
1 0.0924585 0.102288
1 0.0838607 0.0934666
1 0.0914986 0.101077
1 0.0763391 0.0857703
1 0.101422 0.11082
1 0.0833614 0.0927186
1 0.531662 0.540856
1 0.081496 0.0906788
1 0.0723595 0.0814896
1 0.0822945 0.0914158
1 0.0823438 0.0914158
1 0.111247 0.120129
1 0.0779806 0.0868186
1 0.177558 0.1863
1 0.0717123 0.0801805
2 0.133546 0.141885
1 0.0730689 0.0813052
1 0.133706 0.141913
1 0.0756091 0.0838018
1 0.137813 0.145977
1 0.258161 0.265937
1 0.0921549 0.0997475
1 0.10456 0.111975
1 0.0896832 0.0970221
1 0.114437 0.12176
1 0.18714 0.194448
1 0.0766055 0.0838675
1 0.0756461 0.0826794
1 0.0998145 0.1067
1 0.0771375 0.0839651
1 0.0671846 0.0739108
1 0.0793028 0.0859688
1 0.110277 0.116901
1 0.069622 0.0762127
1 0.0737254 0.0801805
1 0.0734287 0.0798547
2 0.0908214 0.097182
1 0.0827497 0.0889084
1 0.087505 0.0936134
1 0.377792 0.38385
1 0.0755051 0.0815335
1 0.0776981 0.0837085
1 0.0667538 0.0727294
2 0.0843318 0.0902935
1 0.120031 0.125954
1 0.0823782 0.0882621
1 0.0991879 0.105047
1 0.0894951 0.0953414
1 0.0953279 0.101099
1 0.0765712 0.0822962
1 0.111863 0.117575
1 0.0802704 0.0859411
1 0.0886452 0.094281
1 0.0747975 0.0803569
1 0.0809043 0.0864115
2 0.0832277 0.088694
2 0.107241 0.112704
1 0.116576 0.122034
1 0.0792531 0.0846423
1 0.122656 0.128027
1 0.0725651 0.0779034
1 0.0944628 0.0997939
1 0.0866629 0.0919519
2 0.130266 0.135548
1 0.0687991 0.074067
1 0.0946551 0.0998969
1 0.0871059 0.092329
1 0.0734756 0.0786734
1 0.0829481 0.0881414
1 0.0805083 0.0856767
1 0.081267 0.0864201
1 0.0951439 0.100258
1 0.0800215 0.0850315
1 0.0897751 0.0947157
1 0.0674976 0.0724213
1 0.0973872 0.102236
1 0.0719444 0.0766349
1 0.0866619 0.0913356
1 0.0970959 0.101765
1 0.103893 0.108557
1 0.100909 0.105488
2 0.0801816 0.0846255
2 0.0822858 0.086728
2 0.0884176 0.0928484
1 0.0945534 0.0989658
1 0.0841982 0.0886023
1 0.109541 0.113917
1 0.0934888 0.0978616
2 0.104421 0.108727
2 0.0752082 0.0794916
1 0.115637 0.11991
2 0.0834158 0.0876369
1 0.0868236 0.0910285
2 0.0823609 0.0864714
1 0.0727463 0.0768466
1 0.075803 0.0798547
1 0.0812494 0.0852754
1 0.0762159 0.0801805
2 0.08066 0.0846132
1 0.076079 0.0800286
1 0.0754891 0.0794344
1 0.105894 0.109779
2 0.0998406 0.103689
1 0.110899 0.11472
2 0.0955341 0.0993256
1 0.0986504 0.102426
2 0.0884729 0.0921934
1 0.0687062 0.0723702
1 0.0834902 0.0871045
1 0.0824234 0.0859557
1 0.0718272 0.0753082
1 0.0678924 0.0713632
1 0.288343 0.291814
1 0.0808817 0.0843318
1 0.111718 0.115163
1 0.0869358 0.0902593
1 0.0898803 0.0931952
1 0.0908264 0.0940995
1 0.103047 0.106273
1 0.120546 0.123738
1 0.0968052 0.0999554
2 0.0955341 0.0986612
2 0.0837474 0.0868438
1 0.0757911 0.0788768
1 0.0853932 0.0884567
2 0.0911629 0.0942151
2 0.0839312 0.0869749
1 0.125089 0.128124
1 0.112253 0.115286
2 0.0999934 0.102997
1 0.105889 0.10887
1 0.0738225 0.0767828
1 0.118386 0.121335
2 0.0966256 0.0995745
1 0.074543 0.0774451
1 0.0803089 0.083195
1 0.108874 0.11175
2 0.109608 0.112471
1 0.0744622 0.0771777
1 0.0878279 0.0905312
1 0.0793269 0.0819167
2 0.0740517 0.0766349
1 0.162632 0.165213
2 0.0978422 0.100395
1 0.0899968 0.0925445
2 0.0893688 0.0919022
1 0.0738791 0.0763453
1 0.11592 0.118348
2 0.0864288 0.0888378
1 0.101338 0.103744
2 0.102033 0.104432
2 0.088588 0.0909818
1 0.0864205 0.0887936
2 0.0954925 0.0978603
1 0.104672 0.10702
1 0.076671 0.0789725
1 0.106766 0.109066
2 0.0893688 0.0916621
2 0.0964186 0.0987096
1 0.0681776 0.0704475
1 0.0759374 0.0781995
1 0.0781012 0.0803224
2 0.147938 0.150153
1 0.0724496 0.0746596
2 0.0894622 0.0916621
1 0.0702019 0.0723626
2 0.0894618 0.0916163
1 0.123464 0.125609
2 0.0931002 0.0952158
2 0.0924781 0.0945917
1 0.0811268 0.083195
2 0.0892194 0.0912578
2 0.182759 0.184796
1 0.0787822 0.0808103
1 0.0767033 0.078701
2 0.0836842 0.0856719
1 0.0756138 0.0775848
1 0.0743746 0.0763453
1 0.101604 0.103574
2 0.102484 0.104432
1 0.0823889 0.0843318
1 0.0791865 0.0811084
1 0.0698844 0.0717928
1 0.0855896 0.0874467
2 0.0920745 0.0939017
2 0.0803151 0.0821365
2 0.124248 0.12606
1 0.126796 0.128562
1 0.111443 0.113205
1 0.0800194 0.0817376
1 0.0820373 0.0836366
1 0.0767351 0.0783139
1 0.0896191 0.0911416
1 0.0830923 0.0846132
1 0.0804118 0.081875
2 0.0771498 0.0785958
2 0.0943377 0.0957601
2 0.0907728 0.0921934
1 0.0802556 0.0816684
1 0.0800684 0.0814655
2 0.0840838 0.0854068
1 0.0760962 0.0774029
1 0.109404 0.110702
1 0.101784 0.103016
2 0.101979 0.103199
2 0.0781447 0.0793584
1 0.0960489 0.0972511
1 0.085739 0.0869379
1 0.0879517 0.0891158
1 0.0859214 0.0870556
1 0.0754982 0.0765092
2 0.134544 0.135548
1 0.0977851 0.098725
2 0.0816579 0.0825784
1 0.0910726 0.0919671
2 0.0965957 0.0974857
1 0.0917189 0.0926078
2 0.0900957 0.0909278
1 0.0773136 0.0781447
1 0.131154 0.131971
1 0.115871 0.116683
1 0.0821411 0.0829532
2 0.0928661 0.0936625
2 0.104817 0.105571
1 0.0803761 0.0811184
1 0.0936483 0.0943832
2 0.0877504 0.0884725
2 0.120423 0.121132
1 0.0730632 0.073765
1 0.0784065 0.0791057
1 0.112816 0.113509
1 0.0799688 0.0806241
2 0.0795609 0.080161
1 0.0883801 0.0889601
2 0.0889113 0.0894904
1 0.0766223 0.0771777
2 0.0945346 0.095086
1 0.134943 0.135492
2 0.130868 0.131407
1 0.106839 0.107363
1 0.0791849 0.0796634
2 0.0784747 0.0789345
2 0.0753979 0.0758307
1 0.131189 0.131608
1 0.100662 0.101024
2 0.0827787 0.0831375
2 0.102833 0.103129
1 0.0838329 0.0841221
2 0.0870315 0.0873189
1 0.0679593 0.0682453
2 0.130868 0.131113
1 0.0840492 0.0842919
1 0.0847695 0.0850015
1 0.0924786 0.0927082
1 0.0927457 0.0929619
1 0.0769501 0.0771498
1 0.0871663 0.0873603
1 0.0770447 0.0772312
1 0.0876702 0.0878275
1 0.093392 0.0935345
1 0.0866271 0.086727
1 0.114567 0.114639
1 0.0992923 0.0993407
1 0.0880263 0.0880734
1 0.125482 0.125501
