0 0 inf
0 0 inf
0 0 inf
0 0 0.669602
0 0 0.60866
0 0 0.594149
0 0 0.538782
0 0 0.53407
0 0 0.528929
0 0 0.476437
0 0 0.475328
0 0 0.464934
0 0 0.459
0 0 0.453707
0 0 0.430711
0 0 0.423653
0 0 0.417102
0 0 0.409136
0 0 0.405136
0 0 0.404758
0 0 0.393275
0 0 0.373915
0 0 0.364632
0 0 0.356213
0 0 0.347277
0 0 0.338384
0 0 0.337406
0 0 0.335925
0 0 0.333708
0 0 0.332025
0 0 0.330442
0 0 0.31452
0 0 0.301012
0 0 0.299984
0 0 0.293379
0 0 0.287
0 0 0.2831
0 0 0.277789
0 0 0.274817
0 0 0.272057
0 0 0.27177
0 0 0.271483
0 0 0.2693
0 0 0.267742
0 0 0.264268
0 0 0.260666
0 0 0.259804
0 0 0.256493
0 0 0.25461
0 0 0.252056
0 0 0.251239
0 0 0.251015
0 0 0.250632
0 0 0.250276
0 0 0.248048
0 0 0.245429
0 0 0.242397
0 0 0.24105
0 0 0.238284
0 0 0.235563
0 0 0.23553
0 0 0.234975
0 0 0.233524
0 0 0.230083
0 0 0.229513
0 0 0.226639
0 0 0.22624
0 0 0.225175
0 0 0.224892
0 0 0.224542
0 0 0.222977
0 0 0.219761
0 0 0.218696
0 0 0.217244
0 0 0.21479
0 0 0.213808
0 0 0.21137
0 0 0.210675
0 0 0.20882
0 0 0.208076
0 0 0.206612
0 0 0.206314
0 0 0.205708
0 0 0.205072
0 0 0.202512
0 0 0.201966
0 0 0.198111
0 0 0.19787
0 0 0.197541
0 0 0.196551
0 0 0.196487
0 0 0.196241
0 0 0.195899
0 0 0.195422
0 0 0.194626
0 0 0.194078
0 0 0.192363
0 0 0.192357
0 0 0.191414
0 0 0.189303
0 0 0.187242
0 0 0.187002
0 0 0.186709
0 0 0.186351
0 0 0.185086
0 0 0.184547
0 0 0.181239
0 0 0.180479
0 0 0.180417
0 0 0.179406
0 0 0.17903
0 0 0.179011
0 0 0.17882
0 0 0.178679
0 0 0.178601
0 0 0.177958
0 0 0.176172
0 0 0.175026
0 0 0.174893
0 0 0.174412
0 0 0.174376
0 0 0.173576
0 0 0.173084
0 0 0.172387
0 0 0.171529
0 0 0.171466
0 0 0.168971
0 0 0.16853
0 0 0.168467
0 0 0.168156
0 0 0.167952
0 0 0.167393
0 0 0.165708
0 0 0.165558
0 0 0.163299
0 0 0.163266
0 0 0.16288
0 0 0.162756
0 0 0.160916
0 0 0.160141
0 0 0.159476
0 0 0.159403
0 0 0.159344
0 0 0.158546
0 0 0.157658
0 0 0.15731
0 0 0.157027
0 0 0.156973
0 0 0.156917
0 0 0.156263
0 0 0.156073
0 0 0.155796
0 0 0.154566
0 0 0.153272
0 0 0.15285
0 0 0.152793
0 0 0.152661
0 0 0.151196
0 0 0.150587
0 0 0.150477
0 0 0.150352
1 0.269468 0.418532
0 0 0.149046
0 0 0.148606
0 0 0.148545
0 0 0.147523
0 0 0.147424
0 0 0.1472
0 0 0.146379
0 0 0.146158
0 0 0.143763
0 0 0.142593
0 0 0.140044
0 0 0.139814
0 0 0.139248
0 0 0.139054
0 0 0.138216
0 0 0.137902
0 0 0.136368
0 0 0.135536
0 0 0.133821
0 0 0.132538
0 0 0.132371
0 0 0.132177
0 0 0.132098
0 0 0.131686
0 0 0.131562
0 0 0.130842
0 0 0.130794
0 0 0.130697
0 0 0.130308
0 0 0.130177
0 0 0.130148
0 0 0.130096
0 0 0.129475
0 0 0.128426
0 0 0.128208
0 0 0.127313
0 0 0.127169
0 0 0.126812
0 0 0.126636
0 0 0.126499
0 0 0.126096
0 0 0.125972
0 0 0.125847
0 0 0.125451
0 0 0.124477
0 0 0.123198
0 0 0.12308
0 0 0.123029
0 0 0.121624
0 0 0.120478
0 0 0.120409
0 0 0.120113
0 0 0.120035
0 0 0.119418
0 0 0.117971
0 0 0.117782
0 0 0.11758
0 0 0.11674
0 0 0.116514
0 0 0.116041
0 0 0.116019
0 0 0.11593
0 0 0.115635
0 0 0.115606
0 0 0.115535
0 0 0.113887
0 0 0.113219
0 0 0.113205
0 0 0.113024
0 0 0.112419
0 0 0.111481
0 0 0.110971
0 0 0.110046
0 0 0.109879
0 0 0.109586
0 0 0.109479
0 0 0.109144
0 0 0.109045
0 0 0.108611
0 0 0.108573
0 0 0.108258
0 0 0.107104
0 0 0.106946
0 0 0.106527
0 0 0.106312
0 0 0.105974
0 0 0.105943
0 0 0.105767
0 0 0.105305
0 0 0.105275
0 0 0.104982
0 0 0.104973
0 0 0.104832
0 0 0.10483
0 0 0.10448
0 0 0.104101
0 0 0.1039
0 0 0.103633
0 0 0.103597
0 0 0.103098
0 0 0.102498
0 0 0.102382
0 0 0.101917
0 0 0.101903
0 0 0.101656
0 0 0.1013
0 0 0.101152
0 0 0.10107
0 0 0.101063
0 0 0.100923
0 0 0.100507
0 0 0.0998139
0 0 0.0997419
0 0 0.0996474
0 0 0.0994442
0 0 0.0991173
0 0 0.0989408
0 0 0.0988924
0 0 0.0978125
0 0 0.0975039
0 0 0.0973947
0 0 0.096854
0 0 0.0967963
0 0 0.0967666
0 0 0.0965852
0 0 0.0964859
0 0 0.0962398
0 0 0.0960912
0 0 0.0960547
0 0 0.0959922
0 0 0.095659
0 0 0.0956399
0 0 0.0954048
0 0 0.0953714
0 0 0.09535
0 0 0.0953145
0 0 0.0949719
0 0 0.0949282
0 0 0.0946215
0 0 0.0944246
0 0 0.0943774
0 0 0.0940429
0 0 0.0937273
0 0 0.0932212
0 0 0.0931324
0 0 0.092988
0 0 0.0927587
0 0 0.0925111
0 0 0.0922262
0 0 0.0921423
0 0 0.0921093
0 0 0.0919134
0 0 0.091908
0 0 0.0913563
0 0 0.0912949
0 0 0.0908034
0 0 0.0901343
0 0 0.0901322
0 0 0.0900424
0 0 0.0899558
0 0 0.0893774
0 0 0.0893772
0 0 0.0890974
0 0 0.0886892
0 0 0.0883741
0 0 0.0881703
0 0 0.0868486
0 0 0.0866894
0 0 0.086617
0 0 0.0865833
0 0 0.0863963
0 0 0.0863825
1 0.410191 0.496092
0 0 0.0857353
0 0 0.0853155
0 0 0.0851065
0 0 0.0850663
0 0 0.0849098
0 0 0.084675
0 0 0.0844536
0 0 0.083947
0 0 0.0838847
0 0 0.0836084
0 0 0.08356
0 0 0.0833993
0 0 0.0832433
0 0 0.0831092
0 0 0.0826962
0 0 0.0825344
0 0 0.0824967
0 0 0.0824138
0 0 0.0821348
0 0 0.0819901
0 0 0.0818029
0 0 0.0817388
0 0 0.0815546
0 0 0.0814881
0 0 0.0814079
0 0 0.0812774
0 0 0.080674
0 0 0.0804896
0 0 0.0799545
0 0 0.0799462
0 0 0.079946
0 0 0.0798281
0 0 0.079707
0 0 0.0796773
0 0 0.0795683
0 0 0.0793558
0 0 0.0786066
0 0 0.0785992
0 0 0.0785557
0 0 0.0779568
0 0 0.0779495
0 0 0.0775731
0 0 0.0771456
0 0 0.076125
0 0 0.0759629
0 0 0.0758651
0 0 0.0757009
0 0 0.0752922
0 0 0.0749695
0 0 0.0747631
0 0 0.0743711
0 0 0.0737304
0 0 0.0736321
0 0 0.0727239
0 0 0.0724292
0 0 0.0721137
0 0 0.071494
0 0 0.0701081
0 0 0.0699423
0 0 0.0673053
0 0 0.0653761
0 0 0.0647366
1 0.314798 0.376985
0 0 0.0607145
1 0.478533 0.539083
0 0 0.059902
0 0 0.0567494
0 0 0.0537362
0 0 0.0518033
1 0.538865 0.585693
1 0.299597 0.345761
1 0.34191 0.387515
1 0.241883 0.286392
1 0.351982 0.395961
1 0.380585 0.422417
1 0.199072 0.240566
1 0.471357 0.509349
1 0.217401 0.254891
1 0.174348 0.209485
1 0.319754 0.35281
1 0.277036 0.309717
1 0.190127 0.218915
1 0.198769 0.226905
1 0.10015 0.127148
1 0.238133 0.263491
1 0.231744 0.256624
1 0.155491 0.17893
1 0.0958054 0.118506
1 0.380801 0.403328
1 0.226029 0.248286
1 0.371554 0.392823
1 0.389442 0.410514
1 0.342929 0.363967
1 0.167468 0.187749
1 0.168342 0.188485
1 0.0972029 0.117081
2 0.508139 0.526098
1 0.109435 0.127159
1 0.266642 0.283922
1 0.139799 0.156087
1 0.100973 0.117206
1 0.167722 0.18362
1 0.123272 0.139063
1 0.120675 0.136345
1 0.104324 0.11997
1 0.140543 0.156009
1 0.118293 0.133517
1 0.0982079 0.113396
1 0.242756 0.257457
1 0.181749 0.196374
1 0.249356 0.26396
1 0.133652 0.148229
1 0.245123 0.259698
1 0.33712 0.351634
1 0.145656 0.160088
1 0.179475 0.193851
1 0.102986 0.117356
1 0.186529 0.20081
1 0.333594 0.347713
1 0.098639 0.112754
1 0.0968316 0.110502
1 0.304487 0.318109
1 0.111472 0.12429
1 0.101258 0.113982
1 0.211365 0.223962
2 0.451971 0.464485
1 0.0901072 0.102616
1 0.106812 0.119301
2 0.435543 0.44793
1 0.177915 0.190148
1 0.149377 0.161603
1 0.108135 0.12036
1 0.106156 0.118347
1 0.0991056 0.111291
1 0.101524 0.113685
1 0.100796 0.1128
1 0.147022 0.158925
1 0.102329 0.113677
1 0.237008 0.248205
1 0.0909592 0.102114
1 0.169597 0.180494
1 0.0989684 0.109801
1 0.188333 0.198979
1 0.146727 0.15737
1 0.203338 0.213783
1 0.0931462 0.103405
1 0.107029 0.117153
1 0.109483 0.119564
1 0.106442 0.116426
1 0.215894 0.225861
1 0.106512 0.116416
1 0.194145 0.204049
1 0.0848124 0.0947083
1 0.109706 0.119261
2 0.120361 0.129801
1 0.0979557 0.106927
1 0.118469 0.127428
1 0.10135 0.110137
1 0.11086 0.119582
1 0.111481 0.120198
1 0.117767 0.126453
1 0.157322 0.165982
2 0.127643 0.136264
1 0.101983 0.110574
1 0.159937 0.16849
1 0.11455 0.122994
1 0.309505 0.317889
1 0.103946 0.112326
2 0.202589 0.210918
2 0.117814 0.126125
1 0.107003 0.114952
1 0.0927663 0.100637
1 0.102341 0.11
2 0.213411 0.220992
1 0.0876852 0.095205
1 0.0986932 0.10618
1 0.124122 0.131544
1 0.100393 0.107713
1 0.110064 0.117265
1 0.104641 0.111819
1 0.100146 0.107305
1 0.0973658 0.104478
1 0.109387 0.116416
1 0.0845888 0.0915038
1 0.105445 0.112304
1 0.100155 0.106971
2 0.144686 0.151422
1 0.186663 0.193177
2 0.10652 0.112916
1 0.180724 0.187098
1 0.124884 0.131212
1 0.187882 0.19417
1 0.118493 0.124778
1 0.0886107 0.0948066
1 0.0939439 0.0999541
1 0.117665 0.123672
1 0.113874 0.119736
1 0.128489 0.134309
1 0.110221 0.115965
1 0.0940466 0.0996462
1 0.106522 0.112057
1 0.102154 0.107685
1 0.0852385 0.090739
1 0.106416 0.111731
1 0.130023 0.135308
2 0.123275 0.128499
1 0.112786 0.118009
1 0.109064 0.11428
2 0.116132 0.121304
2 0.125796 0.130918
1 0.285966 0.290988
1 0.0834947 0.0885088
1 0.085651 0.0906004
1 0.196078 0.200994
1 0.116935 0.121841
1 0.115445 0.120327
2 0.118619 0.12344
1 0.102761 0.107531
1 0.322751 0.32745
1 0.128993 0.133614
1 0.0855788 0.0901129
1 0.261367 0.26582
1 0.11907 0.123493
1 0.112661 0.117014
1 0.0998673 0.104057
1 0.120599 0.124757
1 0.17017 0.174319
1 0.118641 0.122694
1 0.117837 0.1218
1 0.130267 0.134224
1 0.193004 0.196911
1 0.255113 0.25902
1 0.220519 0.2244
1 0.204623 0.208468
1 0.107758 0.111467
1 0.100806 0.104475
2 0.120158 0.123824
1 0.0886007 0.0921116
1 0.199347 0.202845
1 0.104855 0.108353
1 0.122097 0.125572
1 0.210547 0.214013
2 0.144195 0.147618
1 0.243624 0.247047
2 0.121637 0.125029
1 0.108617 0.112007
2 0.119888 0.123257
1 0.0995429 0.102892
2 0.163619 0.166945
1 0.152391 0.155661
1 0.227232 0.230482
1 0.102931 0.106176
2 0.32813 0.331365
1 0.119861 0.123096
2 0.120541 0.123733
2 0.217845 0.220992
1 0.109176 0.112215
1 0.12971 0.132718
1 0.099757 0.102755
1 0.0952048 0.0981388
1 0.0991467 0.102072
2 0.114694 0.117604
1 0.0954313 0.0982777
1 0.141798 0.144612
2 0.121383 0.124131
1 0.10739 0.110137
1 0.104259 0.107006
2 0.17673 0.179455
2 0.111521 0.114224
1 0.315443 0.318109
2 0.110659 0.11329
1 0.0948838 0.0975086
2 0.11597 0.118595
1 0.0956997 0.0982944
1 0.185223 0.187735
2 0.10243 0.10491
2 0.111377 0.113844
1 0.113493 0.115945
2 0.121987 0.124374
2 0.121372 0.123713
1 0.0931476 0.0954687
2 0.12636 0.128494
2 0.100328 0.102442
1 0.082015 0.0841083
2 0.104539 0.106575
1 0.108575 0.110602
2 0.126209 0.128187
1 0.119237 0.121185
2 0.118882 0.120765
1 0.116233 0.118114
2 0.122576 0.124354
2 0.108661 0.110429
1 0.131223 0.132982
2 0.137999 0.139713
2 0.185406 0.187076
1 0.184899 0.186472
1 0.100408 0.101946
2 0.137745 0.139254
1 0.101454 0.102953
1 0.179145 0.180642
2 0.114704 0.116125
1 0.129149 0.130554
2 0.114443 0.115786
1 0.180799 0.182049
1 0.111964 0.113211
1 0.202061 0.20328
1 0.0910411 0.0922399
2 0.117633 0.118816
1 0.0821344 0.0832871
2 0.139832 0.140968
2 0.163538 0.164604
1 0.139038 0.140079
1 0.089184 0.0902231
1 0.101995 0.103032
1 0.129216 0.130208
1 0.104757 0.105704
1 0.0951124 0.0960494
2 0.126277 0.127197
2 0.11183 0.112728
1 0.104133 0.104997
1 0.140831 0.141675
1 0.103394 0.104177
1 0.113377 0.114115
1 0.127733 0.128468
1 0.129244 0.129946
2 0.111545 0.112246
1 0.176867 0.177515
1 0.187227 0.18785
2 0.124354 0.124951
2 0.122322 0.122905
2 0.109496 0.110059
2 0.15747 0.157994
2 0.121985 0.122502
2 0.191979 0.192476
2 0.125378 0.125868
1 0.117322 0.117754
2 0.119888 0.120319
1 0.0993112 0.0996899
2 0.12036 0.120738
1 0.119829 0.120202
2 0.121175 0.121538
2 0.138918 0.139254
1 0.189489 0.189761
1 0.123455 0.123707
1 0.102683 0.102912
1 0.0908527 0.0910715
2 0.128567 0.128762
2 0.140097 0.140282
2 0.134009 0.134172
2 0.136345 0.136382
2 0.122757 0.122766
