0 0 inf
0 0 inf
0 0 inf
0 0 0.693284
0 0 0.62034
0 0 0.57442
0 0 0.565777
0 0 0.565045
0 0 0.490954
0 0 0.487575
0 0 0.426629
0 0 0.416842
0 0 0.408858
0 0 0.387016
0 0 0.370702
0 0 0.365465
0 0 0.359596
0 0 0.35759
0 0 0.338524
0 0 0.33831
0 0 0.332573
0 0 0.331937
0 0 0.33126
0 0 0.3296
0 0 0.329069
0 0 0.325327
0 0 0.318406
0 0 0.317792
0 0 0.317561
0 0 0.315436
0 0 0.31238
0 0 0.310227
0 0 0.308373
0 0 0.306627
0 0 0.305977
0 0 0.295509
0 0 0.293625
0 0 0.288161
0 0 0.2864
0 0 0.285516
0 0 0.285269
0 0 0.284551
0 0 0.280283
0 0 0.279094
0 0 0.275727
0 0 0.275187
0 0 0.27375
0 0 0.268305
0 0 0.263204
0 0 0.26267
0 0 0.26233
0 0 0.262023
0 0 0.261304
0 0 0.260471
0 0 0.25395
0 0 0.252479
0 0 0.251352
0 0 0.249948
0 0 0.24908
0 0 0.24828
0 0 0.245259
0 0 0.243012
0 0 0.242009
0 0 0.241984
0 0 0.235335
0 0 0.234327
0 0 0.231814
0 0 0.228961
0 0 0.225204
0 0 0.225025
0 0 0.224314
0 0 0.224175
0 0 0.223913
0 0 0.22241
0 0 0.21933
0 0 0.218277
0 0 0.216856
0 0 0.216852
0 0 0.216178
0 0 0.214876
0 0 0.213767
0 0 0.213558
0 0 0.213543
0 0 0.212714
0 0 0.211655
0 0 0.209526
0 0 0.20844
0 0 0.206852
0 0 0.206722
0 0 0.202751
0 0 0.19996
0 0 0.197731
0 0 0.197397
0 0 0.196357
0 0 0.196235
0 0 0.195144
0 0 0.194946
0 0 0.19466
0 0 0.193534
0 0 0.191459
0 0 0.191035
0 0 0.190147
0 0 0.189378
0 0 0.188002
0 0 0.186383
0 0 0.186307
0 0 0.185085
0 0 0.183584
0 0 0.183069
0 0 0.182102
0 0 0.181772
0 0 0.181032
0 0 0.180661
0 0 0.17933
0 0 0.17873
0 0 0.176095
0 0 0.175625
0 0 0.17551
0 0 0.175292
0 0 0.174624
0 0 0.173864
0 0 0.173693
0 0 0.173645
0 0 0.173625
0 0 0.173495
0 0 0.1733
0 0 0.172955
0 0 0.172733
0 0 0.171618
0 0 0.17159
0 0 0.170501
0 0 0.170452
0 0 0.170106
0 0 0.169463
0 0 0.169118
0 0 0.168246
0 0 0.167048
0 0 0.16616
0 0 0.165453
0 0 0.16487
0 0 0.164194
0 0 0.164156
0 0 0.163886
0 0 0.163524
0 0 0.163252
0 0 0.162874
0 0 0.1625
0 0 0.162482
0 0 0.162167
0 0 0.160345
0 0 0.160323
0 0 0.160237
0 0 0.160228
0 0 0.159824
0 0 0.159738
0 0 0.159701
0 0 0.159558
0 0 0.158833
0 0 0.158466
0 0 0.157296
0 0 0.157033
0 0 0.156795
0 0 0.156735
0 0 0.156561
0 0 0.156495
0 0 0.156257
0 0 0.155652
0 0 0.154862
0 0 0.154357
0 0 0.154103
0 0 0.153723
0 0 0.153531
0 0 0.152449
0 0 0.152328
0 0 0.151935
0 0 0.151582
0 0 0.151188
0 0 0.150281
0 0 0.149903
0 0 0.149251
0 0 0.147491
0 0 0.147242
0 0 0.146939
0 0 0.146923
0 0 0.146379
0 0 0.145281
0 0 0.144984
0 0 0.144486
0 0 0.144374
0 0 0.144374
0 0 0.144198
0 0 0.144056
0 0 0.143882
0 0 0.143837
0 0 0.143487
0 0 0.143374
0 0 0.14293
0 0 0.142425
0 0 0.14237
0 0 0.14174
0 0 0.141532
0 0 0.139893
0 0 0.139678
0 0 0.139393
0 0 0.138779
0 0 0.138308
0 0 0.138165
0 0 0.1377
0 0 0.137637
0 0 0.137135
0 0 0.136996
0 0 0.136768
0 0 0.136588
0 0 0.136016
0 0 0.13585
0 0 0.135771
0 0 0.135537
0 0 0.135514
0 0 0.134755
0 0 0.134581
0 0 0.133791
0 0 0.132902
0 0 0.131781
0 0 0.131636
0 0 0.13142
0 0 0.131415
0 0 0.130659
0 0 0.130556
0 0 0.130354
0 0 0.129658
0 0 0.129115
0 0 0.128958
0 0 0.128564
0 0 0.128547
0 0 0.128498
0 0 0.128417
0 0 0.127269
0 0 0.126502
0 0 0.126217
0 0 0.126134
0 0 0.126059
0 0 0.125703
0 0 0.12534
0 0 0.125018
0 0 0.124926
0 0 0.123812
0 0 0.123524
0 0 0.123012
0 0 0.121793
0 0 0.121719
0 0 0.12164
0 0 0.121561
0 0 0.121555
0 0 0.12122
0 0 0.120788
0 0 0.120538
0 0 0.120403
0 0 0.119872
0 0 0.119733
0 0 0.119709
0 0 0.11962
0 0 0.118476
0 0 0.117765
0 0 0.117682
0 0 0.117257
0 0 0.116582
0 0 0.116418
0 0 0.115953
0 0 0.115857
0 0 0.115856
0 0 0.115534
0 0 0.115399
0 0 0.114715
0 0 0.114112
0 0 0.114062
0 0 0.113791
0 0 0.112963
0 0 0.112815
0 0 0.112652
0 0 0.11258
0 0 0.111857
0 0 0.111131
0 0 0.110886
0 0 0.110051
0 0 0.109893
0 0 0.109793
0 0 0.108532
0 0 0.108321
0 0 0.107815
0 0 0.106794
0 0 0.106589
0 0 0.106537
0 0 0.106394
0 0 0.10635
0 0 0.105696
0 0 0.105263
0 0 0.104908
0 0 0.104561
0 0 0.104534
0 0 0.104507
0 0 0.104021
0 0 0.103735
0 0 0.103519
0 0 0.103088
0 0 0.102968
0 0 0.102941
0 0 0.102599
0 0 0.102473
0 0 0.101601
0 0 0.101538
0 0 0.101107
0 0 0.100482
0 0 0.100353
0 0 0.0999691
0 0 0.0991366
0 0 0.098969
0 0 0.0986656
0 0 0.0974571
0 0 0.0973315
0 0 0.096609
0 0 0.0963495
0 0 0.0961119
0 0 0.0957552
0 0 0.0957473
0 0 0.0951306
0 0 0.094509
0 0 0.0942213
0 0 0.0938615
0 0 0.0928539
0 0 0.0923076
0 0 0.0922491
0 0 0.0916698
0 0 0.0914879
0 0 0.0911891
0 0 0.0910827
0 0 0.0910785
0 0 0.090884
0 0 0.0908439
0 0 0.090796
0 0 0.0906208
0 0 0.0903156
0 0 0.0899908
0 0 0.0896999
0 0 0.0894108
0 0 0.0891111
0 0 0.0888574
0 0 0.0887642
0 0 0.088319
0 0 0.0878282
0 0 0.0867099
0 0 0.0865923
0 0 0.0865738
0 0 0.0861695
0 0 0.0858585
0 0 0.085797
0 0 0.0850506
0 0 0.0847858
0 0 0.084738
0 0 0.0843578
0 0 0.0842115
0 0 0.0834462
0 0 0.0823415
0 0 0.0818943
0 0 0.0808142
0 0 0.0805554
0 0 0.08024
0 0 0.0799745
0 0 0.079937
0 0 0.0787923
0 0 0.0786999
0 0 0.0786614
0 0 0.0783257
0 0 0.0782256
0 0 0.078158
0 0 0.0775548
0 0 0.0772115
0 0 0.0768228
0 0 0.0767281
0 0 0.0766559
0 0 0.0766373
0 0 0.0754664
0 0 0.0751453
0 0 0.0744727
0 0 0.0740679
0 0 0.0739928
0 0 0.0734654
0 0 0.0726346
0 0 0.0722616
0 0 0.0709814
0 0 0.0705245
0 0 0.0695084
0 0 0.0694606
0 0 0.0692959
0 0 0.0680762
0 0 0.0649658
0 0 0.064249
0 0 0.0639336
1 0.31595 0.376042
0 0 0.0587832
0 0 0.0543575
1 0.163942 0.216218
0 0 0.0484111
1 0.196916 0.241621
1 0.39605 0.44028
1 0.264893 0.30439
1 0.127792 0.166625
1 0.178214 0.21591
1 0.347184 0.384233
1 0.140843 0.176278
1 0.455714 0.490648
1 0.293375 0.328119
1 0.227805 0.260568
1 0.240596 0.273345
1 0.103617 0.133391
1 0.134329 0.163227
1 0.195306 0.224074
1 0.237672 0.265829
1 0.329935 0.357724
1 0.168927 0.195672
1 0.131143 0.156516
1 0.133225 0.157113
1 0.239427 0.262675
1 0.223133 0.245022
1 0.354374 0.375779
1 0.113083 0.133836
1 0.119318 0.139721
1 0.277532 0.297564
1 0.228422 0.248316
1 0.159792 0.17966
1 0.195163 0.214866
1 0.156194 0.175538
1 0.142696 0.162031
1 0.252727 0.271311
1 0.1311 0.149471
1 0.351016 0.369365
1 0.166338 0.184018
1 0.134398 0.151787
1 0.252751 0.269778
1 0.126388 0.143105
1 0.284431 0.301101
1 0.175142 0.191604
1 0.193175 0.209626
1 0.129104 0.145285
1 0.151821 0.167586
1 0.216267 0.231801
1 0.125578 0.141064
1 0.208757 0.223928
1 0.223917 0.239042
1 0.467145 0.482177
1 0.380735 0.395537
1 0.09488 0.109545
1 0.165589 0.180219
1 0.0916403 0.10622
1 0.112734 0.127245
1 0.224818 0.239172
1 0.168926 0.183136
1 0.149907 0.163912
1 0.148125 0.161056
1 0.0781532 0.0907845
1 0.0938028 0.106191
1 0.175572 0.187954
1 0.289717 0.302015
2 0.14328 0.155345
1 0.131658 0.143605
1 0.147713 0.159646
1 0.0732481 0.0850169
1 0.125153 0.136861
1 0.129324 0.140806
1 0.171716 0.182478
1 0.094854 0.105583
1 0.16198 0.172678
1 0.263532 0.274209
1 0.146413 0.157052
2 0.16453 0.175092
1 0.25384 0.264401
1 0.199254 0.2098
1 0.13669 0.147066
1 0.310568 0.320936
1 0.134036 0.144286
1 0.175148 0.185233
1 0.160912 0.170949
1 0.201472 0.211398
1 0.0939414 0.103837
1 0.292183 0.302015
2 0.153023 0.162578
1 0.17674 0.186232
1 0.250357 0.259833
1 0.0796317 0.0890812
1 0.0816641 0.0907281
1 0.201841 0.210893
1 0.116718 0.12552
2 0.139776 0.148393
1 0.205075 0.213666
1 0.189654 0.19819
1 0.129047 0.137238
1 0.104107 0.112237
1 0.160571 0.168638
1 0.167544 0.175471
2 0.0919571 0.0998271
2 0.321477 0.329291
1 0.158459 0.16622
1 0.120525 0.128284
1 0.160587 0.168229
2 0.133759 0.141363
1 0.0869165 0.0945135
1 0.179748 0.187337
1 0.126425 0.133963
1 0.140192 0.147601
1 0.114926 0.122187
1 0.137684 0.144761
1 0.108566 0.115589
1 0.137545 0.144286
1 0.107474 0.114103
1 0.131567 0.138184
2 0.175889 0.182337
2 0.219833 0.226017
2 0.219833 0.226017
1 0.272281 0.278428
1 0.136922 0.143048
2 0.217118 0.222986
1 0.227127 0.232989
2 0.150284 0.156071
1 0.181118 0.186821
1 0.0997273 0.10537
2 0.183293 0.188898
2 0.141008 0.146546
1 0.118741 0.124278
1 0.181633 0.187134
1 0.103199 0.10867
2 0.116925 0.1223
2 0.146087 0.151453
1 0.099786 0.105113
1 0.182927 0.188245
1 0.0857822 0.0909604
1 0.142886 0.148056
2 0.134009 0.139114
2 0.169434 0.174494
1 0.0805929 0.0855939
1 0.0842674 0.089196
1 0.0976522 0.102398
1 0.116248 0.12092
1 0.199168 0.203775
1 0.0901589 0.0945135
1 0.153694 0.158036
1 0.127713 0.131992
2 0.242229 0.246459
2 0.231342 0.235492
1 0.183793 0.187941
1 0.135712 0.139776
1 0.0982235 0.102248
1 0.137556 0.141578
1 0.101164 0.105052
1 0.0853391 0.0892017
1 0.128147 0.131992
1 0.0862245 0.0900558
2 0.14269 0.146493
1 0.205898 0.209697
2 0.186326 0.190094
1 0.0852799 0.0890097
1 0.127163 0.130874
1 0.275444 0.279125
1 0.209467 0.213014
1 0.147628 0.151118
1 0.0910797 0.094451
2 0.0964656 0.0998271
2 0.0964656 0.0998271
2 0.17997 0.183318
1 0.151086 0.154385
2 0.151689 0.154976
1 0.151403 0.15461
2 0.168565 0.171704
1 0.144061 0.147151
1 0.0989982 0.102068
1 0.193246 0.19629
1 0.255062 0.258078
2 0.113118 0.116101
1 0.185205 0.188186
2 0.146677 0.149576
2 0.137956 0.140837
1 0.102422 0.105295
1 0.120114 0.122942
1 0.0871796 0.0900048
1 0.117277 0.120022
1 0.237838 0.240506
1 0.201243 0.203907
1 0.134033 0.136683
1 0.422609 0.425255
1 0.171634 0.174185
1 0.166632 0.16914
1 0.133859 0.136334
1 0.127736 0.13017
2 0.149343 0.151767
1 0.100323 0.102606
1 0.161645 0.163888
1 0.148183 0.150243
1 0.211 0.212926
1 0.134239 0.136148
1 0.389576 0.391462
1 0.200396 0.202277
1 0.441527 0.443407
1 0.359179 0.361043
1 0.134154 0.135984
2 0.121409 0.123212
2 0.153236 0.154976
1 0.0936302 0.0953654
1 0.201997 0.203729
1 0.134829 0.136531
1 0.144991 0.146677
1 0.189641 0.191325
1 0.136612 0.138277
1 0.119255 0.12092
1 0.118277 0.119937
1 0.146067 0.147678
1 0.450298 0.451838
1 0.160088 0.161536
1 0.133034 0.134458
2 0.162511 0.16388
1 0.237567 0.238899
1 0.256723 0.257989
2 0.174937 0.176198
1 0.112627 0.113835
1 0.166858 0.168064
1 0.211817 0.213014
1 0.11187 0.113066
1 0.173849 0.175021
2 0.105113 0.106248
1 0.0943618 0.0954205
1 0.149751 0.150776
1 0.142134 0.143105
1 0.0782414 0.0792045
2 0.139353 0.140229
2 0.164086 0.164907
1 0.0917768 0.0925959
2 0.19629 0.197105
1 0.150029 0.150827
1 0.124464 0.125189
2 0.166873 0.167557
1 0.138106 0.138728
2 0.166896 0.16748
2 0.10576 0.106248
2 0.154184 0.154588
1 0.139227 0.139594
2 0.17377 0.174077
1 0.34876 0.349052
1 0.0839698 0.084256
2 0.0916792 0.0919598
1 0.134298 0.134547
1 0.105324 0.105564
1 0.128775 0.128956
1 0.146323 0.146477
2 0.417145 0.417279
2 0.154623 0.154752
1 0.146354 0.146473
1 0.112754 0.112873
1 0.188144 0.18824
2 0.10757 0.107627
2 0.177635 0.177643
1 0.140831 0.140837
